time,NozGapOpen,NozGapClose,FanSpeed,EngineFuelRateTMSCS,TotalFuelConsumption
13:17:32.700,0.0,0.0,0.0,0.0,2578.15
13:17:32.800,0.0,0.0,0.0,0.0,2578.15
13:17:32.900,0.0,0.0,0.0,0.0,2578.15
13:17:33.000,0.0,0.0,0.0,0.0,2578.15
13:17:33.100,0.0,0.0,0.0,0.0,2578.15
13:17:33.200,0.0,0.0,0.0,0.0,2578.15
13:17:33.200,0.0,0.0,0.0,0.0,2578.15
13:17:33.300,0.0,0.0,0.0,0.0,2578.15
13:17:33.400,0.0,0.0,0.0,0.0,2578.15
13:17:33.500,0.0,0.0,0.0,0.0,2578.15
13:17:33.600,0.0,0.0,0.0,0.0,2578.15
13:17:33.700,0.0,0.0,0.0,0.0,2578.15
13:17:33.800,0.0,0.0,0.0,0.0,2578.15
13:17:33.900,0.0,0.0,0.0,0.0,2578.15
13:17:34.000,0.0,0.0,0.0,0.0,2578.15
13:17:34.100,0.0,0.0,0.0,0.0,2578.15
13:17:34.200,0.0,0.0,0.0,0.0,2578.15
13:17:34.300,0.0,0.0,0.0,0.0,2578.15
13:17:34.400,0.0,0.0,0.0,0.0,2578.15
13:17:34.500,0.0,0.0,0.0,0.0,2578.15
13:17:34.600,0.0,0.0,0.0,0.0,2578.15
13:17:34.700,0.0,0.0,0.0,0.0,2578.15
13:17:34.800,0.0,0.0,0.0,0.0,2578.15
13:17:34.900,0.0,0.0,0.0,0.0,2578.15
13:17:35.000,0.0,0.0,0.0,0.0,2578.15
13:17:35.100,0.0,0.0,0.0,0.0,2578.15
13:17:35.200,0.0,0.0,0.0,0.0,2578.15
13:17:35.300,0.0,0.0,0.0,0.0,2578.15
13:17:35.400,0.0,0.0,0.0,0.0,2578.15
13:17:35.500,0.0,0.0,0.0,0.0,2578.15
13:17:35.600,0.0,0.0,0.0,0.0,2578.15
13:17:35.700,0.0,0.0,0.0,0.0,2578.15
13:17:35.800,0.0,0.0,0.0,0.0,2578.15
13:17:35.900,0.0,0.0,0.0,0.0,2578.15
13:17:36.000,0.0,0.0,0.0,0.0,2578.15
13:17:36.100,0.0,0.0,0.0,0.0,2578.15
13:17:36.200,0.0,0.0,0.0,0.0,2578.15
13:17:36.300,0.0,0.0,0.0,0.0,2578.15
13:17:36.400,0.0,0.0,0.0,0.0,2578.15
13:17:36.500,0.0,0.0,0.0,0.0,2578.15
13:17:36.600,0.0,0.0,0.0,0.0,2578.15
13:17:36.700,0.0,0.0,0.0,0.0,2578.15
13:17:36.800,0.0,0.0,0.0,0.0,2578.15
13:17:36.900,0.0,0.0,0.0,0.0,2578.15
13:17:37.000,0.0,0.0,0.0,0.0,2578.15
13:17:37.100,0.0,0.0,0.0,0.0,2578.15
13:17:37.200,0.0,0.0,0.0,0.0,2578.15
13:17:37.300,0.0,0.0,0.0,0.0,2578.15
13:17:37.400,0.0,0.0,0.0,0.0,2578.15
13:17:37.500,0.0,0.0,0.0,0.0,2578.15
13:17:37.600,0.0,0.0,0.0,0.0,2578.15
13:17:37.700,0.0,0.0,0.0,0.0,2578.15
13:17:37.800,0.0,0.0,0.0,0.0,2578.15
13:17:37.900,0.0,0.0,0.0,0.0,2578.15
13:17:38.000,0.0,0.0,0.0,0.0,2578.15
13:17:38.100,0.0,0.0,0.0,0.0,2578.15
13:17:38.200,0.0,0.0,0.0,0.0,2578.15
13:17:38.300,0.0,0.0,0.0,0.0,2578.15
13:17:38.400,0.0,0.0,0.0,0.0,2578.15
13:17:38.500,0.0,0.0,0.0,0.0,2578.15
13:17:38.600,0.0,0.0,0.0,0.0,2578.15
13:17:38.700,0.0,0.0,0.0,0.0,2578.15
13:17:38.800,0.0,0.0,0.0,0.0,2578.15
13:17:38.900,0.0,0.0,0.0,0.0,2578.15
13:17:39.000,0.0,0.0,0.0,0.0,2578.15
13:17:39.100,0.0,0.0,0.0,0.0,2578.15
13:17:39.200,0.0,0.0,0.0,0.0,2578.15
13:17:39.300,0.0,0.0,0.0,0.0,2578.15
13:17:39.400,0.0,0.0,0.0,0.0,2578.15
13:17:39.500,0.0,0.0,0.0,0.0,2578.15
13:17:39.600,0.0,0.0,0.0,0.0,2578.15
13:17:39.700,0.0,0.0,0.0,0.0,2578.15
13:17:39.800,0.0,0.0,0.0,0.0,2578.15
13:17:39.900,0.0,0.0,0.0,0.0,2578.15
13:17:40.000,0.0,0.0,0.0,0.0,2578.15
13:17:40.100,0.0,0.0,0.0,0.0,2578.15
13:17:40.200,0.0,0.0,0.0,0.0,2578.15
13:17:40.300,0.0,0.0,0.0,0.0,2578.15
13:17:40.400,0.0,0.0,0.0,0.0,2578.15
13:17:40.500,0.0,0.0,0.0,0.0,2578.15
13:17:40.600,0.0,0.0,0.0,0.0,2578.15
13:17:40.700,0.0,0.0,0.0,0.0,2578.15
13:17:40.800,0.0,0.0,0.0,0.0,2578.15
13:17:40.900,0.0,0.0,0.0,0.0,2578.15
13:17:41.000,0.0,0.0,0.0,0.0,2578.15
13:17:41.100,0.0,0.0,0.0,0.0,2578.15
13:17:41.200,0.0,0.0,0.0,0.0,2578.15
13:17:41.300,0.0,0.0,0.0,0.0,2578.15
13:17:41.400,0.0,0.0,0.0,0.0,2578.15
13:17:41.500,0.0,0.0,0.0,0.0,2578.15
13:17:41.600,0.0,0.0,0.0,0.0,2578.15
13:17:41.700,0.0,0.0,0.0,0.0,2578.15
13:17:41.800,0.0,0.0,0.0,0.0,2578.15
13:17:41.900,0.0,0.0,0.0,0.0,2578.15
13:17:42.000,0.0,0.0,0.0,0.0,2578.15
13:17:42.100,0.0,0.0,0.0,0.0,2578.15
13:17:42.200,0.0,0.0,0.0,0.0,2578.15
13:17:42.300,0.0,0.0,0.0,0.0,2578.15
13:17:42.400,0.0,0.0,0.0,0.0,2578.15
13:17:42.500,0.0,0.0,0.0,0.0,2578.15
13:17:42.600,0.0,0.0,0.0,0.0,2578.15
13:17:42.700,0.0,0.0,0.0,0.0,2578.15
13:17:42.800,0.0,0.0,0.0,0.0,2578.15
13:17:42.900,0.0,0.0,0.0,0.0,2578.15
13:17:43.000,0.0,0.0,0.0,0.0,2578.15
13:17:43.100,0.0,0.0,0.0,0.0,2578.15
13:17:43.200,0.0,0.0,0.0,0.0,2578.15
13:17:43.300,0.0,0.0,0.0,0.0,2578.15
13:17:43.400,0.0,0.0,0.0,0.0,2578.15
13:17:43.500,0.0,0.0,0.0,0.0,2578.15
13:17:43.600,0.0,0.0,0.0,0.0,2578.15
13:17:43.700,0.0,0.0,0.0,0.0,2578.15
13:17:43.800,0.0,0.0,0.0,0.0,2578.15
13:17:43.900,0.0,0.0,0.0,0.0,2578.15
13:17:44.000,0.0,0.0,0.0,0.0,2578.15
13:17:44.100,0.0,0.0,0.0,0.0,2578.15
13:17:44.200,0.0,0.0,0.0,0.0,2578.15
13:17:44.300,0.0,0.0,0.0,0.0,2578.15
13:17:44.400,0.0,0.0,0.0,0.0,2578.15
13:17:44.500,0.0,0.0,0.0,0.0,2578.15
13:17:44.600,0.0,0.0,0.0,0.0,2578.15
13:17:44.700,0.0,0.0,0.0,0.0,2578.15
13:17:44.800,0.0,0.0,0.0,0.0,2578.15
13:17:44.900,0.0,0.0,0.0,0.0,2578.15
13:17:45.000,0.0,0.0,0.0,0.0,2578.15
13:17:45.100,0.0,0.0,0.0,0.0,2578.15
13:17:45.200,0.0,0.0,0.0,0.0,2578.15
13:17:45.300,0.0,0.0,0.0,0.0,2578.15
13:17:45.400,0.0,0.0,0.0,0.0,2578.15
13:17:45.500,0.0,0.0,0.0,0.0,2578.15
13:17:45.600,0.0,0.0,0.0,0.0,2578.15
13:17:45.700,0.0,0.0,0.0,0.0,2578.15
13:17:45.800,0.0,0.0,0.0,0.0,2578.15
13:17:45.900,0.0,0.0,0.0,0.0,2578.15
13:17:46.000,0.0,0.0,0.0,0.0,2578.15
13:17:46.100,0.0,0.0,0.0,0.0,2578.15
13:17:46.200,0.0,0.0,0.0,0.0,2578.15
13:17:46.300,0.0,0.0,0.0,0.0,2578.15
13:17:46.400,0.0,0.0,0.0,0.0,2578.15
13:17:46.500,0.0,0.0,0.0,0.0,2578.15
13:17:46.600,0.0,0.0,0.0,0.0,2578.15
13:17:46.700,0.0,0.0,0.0,0.0,2578.15
13:17:46.800,0.0,0.0,0.0,0.0,2578.15
13:17:46.900,0.0,0.0,0.0,0.0,2578.15
13:17:47.000,0.0,0.0,0.0,0.0,2578.15
13:17:47.100,0.0,0.0,0.0,0.0,2578.15
13:17:47.200,0.0,0.0,0.0,0.0,2578.15
13:17:47.300,0.0,0.0,0.0,0.0,2578.15
13:17:47.400,0.0,0.0,0.0,0.0,2578.15
13:17:47.500,0.0,0.0,0.0,0.0,2578.15
13:17:47.600,0.0,0.0,0.0,0.0,2578.15
13:17:47.700,0.0,0.0,0.0,0.0,2578.15
13:17:47.800,0.0,0.0,0.0,0.0,2578.15
13:17:47.900,0.0,0.0,0.0,0.0,2578.15
13:17:48.000,0.0,0.0,0.0,0.0,2578.15
13:17:48.100,0.0,0.0,0.0,0.0,2578.15
13:17:48.200,0.0,0.0,0.0,0.0,2578.15
13:17:48.300,0.0,0.0,0.0,0.0,2578.15
13:17:48.400,0.0,0.0,0.0,0.0,2578.15
13:17:48.500,0.0,0.0,0.0,0.0,2578.15
13:17:48.600,0.0,0.0,0.0,0.0,2578.15
13:17:48.700,0.0,0.0,0.0,0.0,2578.15
13:17:48.800,0.0,0.0,0.0,0.0,2578.15
13:17:48.900,0.0,0.0,0.0,0.0,2578.15
13:17:49.000,0.0,0.0,0.0,0.0,2578.15
13:17:49.100,0.0,0.0,0.0,0.0,2578.15
13:17:49.200,0.0,0.0,0.0,0.0,2578.15
13:17:49.300,0.0,0.0,0.0,0.0,2578.15
13:17:49.400,0.0,0.0,0.0,0.0,2578.15
13:17:49.500,0.0,0.0,0.0,0.0,2578.15
13:17:49.600,0.0,0.0,0.0,0.0,2578.15
13:17:49.700,0.0,0.0,0.0,0.0,2578.15
13:17:49.800,0.0,0.0,0.0,0.0,2578.15
13:17:49.900,0.0,0.0,0.0,0.0,2578.15
13:17:50.000,0.0,0.0,0.0,0.0,2578.15
13:17:50.100,0.0,0.0,0.0,0.0,2578.15
13:17:50.200,0.0,0.0,0.0,0.0,2578.15
13:17:50.300,0.0,0.0,0.0,0.0,2578.15
13:17:50.400,0.0,0.0,0.0,0.0,2578.15
13:17:50.500,0.0,0.0,0.0,0.0,2578.15
13:17:50.600,0.0,0.0,0.0,0.0,2578.15
13:17:50.700,0.0,0.0,0.0,0.0,2578.15
13:17:50.800,0.0,0.0,0.0,0.0,2578.15
13:17:50.900,0.0,0.0,0.0,0.0,2578.15
13:17:51.000,0.0,0.0,0.0,0.0,2578.15
13:17:51.100,0.0,0.0,0.0,0.0,2578.15
13:17:51.200,0.0,0.0,0.0,0.0,2578.15
13:17:51.300,0.0,0.0,0.0,0.0,2578.15
13:17:51.400,0.0,0.0,0.0,0.0,2578.15
13:17:51.500,0.0,0.0,0.0,0.0,2578.15
13:17:51.600,0.0,0.0,0.0,0.0,2578.15
13:17:51.700,0.0,0.0,0.0,0.0,2578.15
13:17:51.800,0.0,0.0,0.0,0.0,2578.15
13:17:51.900,0.0,0.0,0.0,0.0,2578.15
13:17:52.000,0.0,0.0,0.0,0.0,2578.15
13:17:52.100,0.0,0.0,0.0,0.0,2578.15
13:17:52.200,0.0,0.0,0.0,0.0,2578.15
13:17:52.300,0.0,0.0,0.0,0.0,2578.15
13:17:52.400,0.0,0.0,0.0,0.0,2578.15
13:17:52.500,0.0,0.0,0.0,0.0,2578.15
13:17:52.600,0.0,0.0,0.0,0.0,2578.15
13:17:52.700,0.0,0.0,0.0,0.0,2578.15
13:17:52.800,0.0,0.0,0.0,0.0,2578.15
13:17:52.900,0.0,0.0,0.0,0.0,2578.15
13:17:53.000,0.0,0.0,0.0,0.0,2578.15
13:17:53.100,0.0,0.0,0.0,0.0,2578.15
13:17:53.200,0.0,0.0,0.0,0.0,2578.15
13:17:53.300,0.0,0.0,0.0,0.0,2578.15
13:17:53.400,0.0,0.0,0.0,0.0,2578.15
13:17:53.500,0.0,0.0,0.0,0.0,2578.15
13:17:53.600,0.0,0.0,0.0,0.0,2578.15
13:17:53.700,0.0,0.0,0.0,0.0,2578.15
13:17:53.800,0.0,0.0,0.0,0.0,2578.15
13:17:53.900,0.0,0.0,0.0,0.0,2578.15
13:17:54.000,0.0,0.0,0.0,0.0,2578.15
13:17:54.100,0.0,0.0,0.0,0.0,2578.15
13:17:54.200,0.0,0.0,0.0,0.0,2578.15
13:17:54.300,0.0,0.0,0.0,0.0,2578.15
13:17:54.400,0.0,0.0,0.0,0.0,2578.15
13:17:54.500,0.0,0.0,0.0,0.0,2578.15
13:17:54.600,0.0,0.0,0.0,0.0,2578.15
13:17:54.700,0.0,0.0,0.0,0.0,2578.15
13:17:54.800,0.0,0.0,0.0,0.0,2578.15
13:17:54.900,0.0,0.0,0.0,0.0,2578.15
13:17:55.000,0.0,0.0,0.0,0.0,2578.15
13:17:55.100,0.0,0.0,0.0,0.0,2578.15
13:17:55.200,0.0,0.0,0.0,0.0,2578.15
13:17:55.300,0.0,0.0,0.0,0.0,2578.15
13:17:55.400,0.0,0.0,0.0,0.0,2578.15
13:17:55.500,0.0,0.0,0.0,0.0,2578.15
13:17:55.600,0.0,0.0,0.0,0.0,2578.15
13:17:55.700,0.0,0.0,0.0,0.0,2578.15
13:17:55.800,0.0,0.0,0.0,0.0,2578.15
13:17:55.900,0.0,0.0,0.0,0.0,2578.15
13:17:56.000,0.0,0.0,0.0,0.0,2578.15
13:17:56.100,0.0,0.0,0.0,0.0,2578.15
13:17:56.200,0.0,0.0,0.0,0.0,2578.15
13:17:56.300,0.0,0.0,0.0,0.0,2578.15
13:17:56.400,0.0,0.0,0.0,0.0,2578.15
13:17:56.500,0.0,0.0,0.0,0.0,2578.15
13:17:56.600,0.0,0.0,0.0,0.0,2578.15
13:17:56.700,0.0,0.0,0.0,0.0,2578.15
13:17:56.800,0.0,0.0,0.0,0.0,2578.15
13:17:56.900,0.0,0.0,0.0,0.0,2578.15
13:17:57.000,0.0,0.0,0.0,0.0,2578.15
13:17:57.100,0.0,0.0,0.0,0.0,2578.15
13:17:57.200,0.0,0.0,0.0,0.0,2578.15
13:17:57.300,0.0,0.0,0.0,0.0,2578.15
13:17:57.400,0.0,0.0,0.0,0.0,2578.15
13:17:57.500,0.0,0.0,0.0,0.0,2578.15
13:17:57.600,0.0,0.0,0.0,0.0,2578.15
13:17:57.700,0.0,0.0,0.0,0.0,2578.15
13:17:57.800,0.0,0.0,0.0,0.0,2578.15
13:17:57.900,0.0,0.0,0.0,0.0,2578.15
13:17:58.000,0.0,0.0,0.0,0.0,2578.15
13:17:58.100,0.0,0.0,0.0,0.0,2578.15
13:17:58.200,0.0,0.0,0.0,0.0,2578.15
13:17:58.300,0.0,0.0,0.0,0.0,2578.15
13:17:58.400,0.0,0.0,0.0,0.0,2578.15
13:17:58.500,0.0,0.0,0.0,0.0,2578.15
13:17:58.600,0.0,0.0,0.0,0.0,2578.15
13:17:58.700,0.0,0.0,0.0,0.0,2578.15
13:17:58.800,0.0,0.0,0.0,0.0,2578.15
13:17:58.900,0.0,0.0,0.0,0.0,2578.15
13:17:59.000,0.0,0.0,0.0,0.0,2578.15
13:17:59.100,0.0,0.0,0.0,0.0,2578.15
13:17:59.200,0.0,0.0,0.0,0.0,2578.15
13:17:59.300,0.0,0.0,0.0,0.0,2578.15
13:17:59.400,0.0,0.0,0.0,0.0,2578.15
13:17:59.500,0.0,0.0,0.0,0.0,2578.15
13:17:59.600,0.0,0.0,0.0,0.0,2578.15
13:17:59.700,0.0,0.0,0.0,0.0,2578.15
13:17:59.800,0.0,0.0,0.0,0.0,2578.15
13:17:59.900,0.0,0.0,0.0,0.0,2578.15
13:18:00.000,0.0,0.0,0.0,0.0,2578.15
13:18:00.100,0.0,0.0,0.0,0.0,2578.15
13:18:00.200,0.0,0.0,0.0,0.0,2578.15
13:18:00.300,0.0,0.0,0.0,0.0,2578.15
13:18:00.400,0.0,0.0,0.0,0.0,2578.15
13:18:00.500,0.0,0.0,0.0,0.0,2578.15
13:18:00.600,0.0,0.0,0.0,0.0,2578.15
13:18:00.700,0.0,0.0,0.0,0.0,2578.15
13:18:00.800,0.0,0.0,0.0,0.0,2578.15
13:18:00.900,0.0,0.0,0.0,0.0,2578.15
13:18:01.000,0.0,0.0,0.0,0.0,2578.15
13:18:01.100,0.0,0.0,0.0,0.0,2578.15
13:18:01.200,0.0,0.0,0.0,0.0,2578.15
13:18:01.300,0.0,0.0,0.0,0.0,2578.15
13:18:01.400,0.0,0.0,0.0,0.0,2578.15
13:18:01.500,0.0,0.0,0.0,0.0,2578.15
13:18:01.600,0.0,0.0,0.0,0.0,2578.15
13:18:01.700,0.0,0.0,0.0,0.0,2578.15
13:18:01.800,0.0,0.0,0.0,0.0,2578.15
13:18:01.900,0.0,0.0,0.0,0.0,2578.15
13:18:02.000,0.0,0.0,0.0,0.0,2578.15
13:18:02.100,0.0,0.0,0.0,0.0,2578.15
13:18:02.200,0.0,0.0,0.0,0.0,2578.15
13:18:02.300,0.0,0.0,0.0,0.0,2578.15
13:18:02.400,0.0,0.0,0.0,0.0,2578.15
13:18:02.500,0.0,0.0,0.0,0.0,2578.15
13:18:02.600,0.0,0.0,0.0,0.0,2578.15
13:18:02.700,0.0,0.0,0.0,0.0,2578.15
13:18:02.800,0.0,0.0,0.0,0.0,2578.15
13:18:02.900,0.0,0.0,0.0,0.0,2578.15
13:18:03.000,0.0,0.0,0.0,0.0,2578.15
13:18:03.100,0.0,0.0,0.0,0.0,2578.15
13:18:03.200,0.0,0.0,0.0,0.0,2578.15
13:18:03.300,0.0,0.0,0.0,0.0,2578.15
13:18:03.400,0.0,0.0,0.0,0.0,2578.15
13:18:03.500,0.0,0.0,0.0,0.0,2578.15
13:18:03.600,0.0,0.0,0.0,0.0,2578.15
13:18:03.700,0.0,0.0,0.0,0.0,2578.15
13:18:03.800,0.0,0.0,0.0,0.0,2578.15
13:18:03.900,0.0,0.0,0.0,0.0,2578.15
13:18:04.000,0.0,0.0,0.0,0.0,2578.15
13:18:04.100,0.0,0.0,0.0,0.0,2578.15
13:18:04.200,0.0,0.0,0.0,0.0,2578.15
13:18:04.300,0.0,0.0,0.0,0.0,2578.15
13:18:04.400,0.0,0.0,0.0,0.0,2578.15
13:18:04.500,0.0,0.0,0.0,0.0,2578.15
13:18:04.600,0.0,0.0,0.0,0.0,2578.15
13:18:04.700,0.0,0.0,0.0,0.0,2578.15
13:18:04.800,0.0,0.0,0.0,0.0,2578.15
13:18:04.900,0.0,0.0,0.0,0.0,2578.15
13:18:05.000,0.0,0.0,0.0,0.0,2578.15
13:18:05.100,0.0,0.0,0.0,0.0,2578.15
13:18:05.200,0.0,0.0,0.0,0.0,2578.15
13:18:05.300,0.0,0.0,0.0,0.0,2578.15
13:18:05.400,0.0,0.0,0.0,0.0,2578.15
13:18:05.500,0.0,0.0,0.0,0.0,2578.15
13:18:05.600,0.0,0.0,0.0,0.0,2578.15
13:18:05.700,0.0,0.0,0.0,0.0,2578.15
13:18:05.800,0.0,0.0,0.0,0.0,2578.15
13:18:05.900,0.0,0.0,0.0,0.0,2578.15
13:18:06.000,0.0,0.0,0.0,0.0,2578.15
13:18:06.100,0.0,0.0,0.0,0.0,2578.15
13:18:06.200,0.0,0.0,0.0,0.0,2578.15
13:18:06.300,0.0,0.0,0.0,0.0,2578.15
13:18:06.400,0.0,0.0,0.0,0.0,2578.15
13:18:06.500,0.0,0.0,0.0,0.0,2578.15
13:18:06.600,0.0,0.0,0.0,0.0,2578.15
13:18:06.700,0.0,0.0,0.0,0.0,2578.15
13:18:06.800,0.0,0.0,0.0,0.0,2578.15
13:18:06.900,0.0,0.0,0.0,0.0,2578.15
13:18:07.000,0.0,0.0,0.0,0.0,2578.15
13:18:07.100,0.0,0.0,0.0,0.0,2578.15
13:18:07.200,0.0,0.0,0.0,0.0,2578.15
13:18:07.300,0.0,0.0,0.0,0.0,2578.15
13:18:07.400,0.0,0.0,0.0,0.0,2578.15
13:18:07.500,0.0,0.0,0.0,0.0,2578.15
13:18:07.600,0.0,0.0,0.0,0.0,2578.15
13:18:07.700,0.0,0.0,0.0,0.0,2578.15
13:18:07.800,0.0,0.0,0.0,0.0,2578.15
13:18:07.900,0.0,0.0,0.0,0.0,2578.15
13:18:08.000,0.0,0.0,0.0,0.0,2578.15
13:18:08.100,0.0,0.0,0.0,0.0,2578.15
13:18:08.200,0.0,0.0,0.0,0.0,2578.15
13:18:08.300,0.0,0.0,0.0,0.0,2578.15
13:18:08.400,0.0,0.0,0.0,0.0,2578.15
13:18:08.500,0.0,0.0,0.0,0.0,2578.15
13:18:08.600,0.0,0.0,0.0,0.0,2578.15
13:18:08.700,0.0,0.0,0.0,0.0,2578.15
13:18:08.800,0.0,0.0,0.0,0.0,2578.15
13:18:08.900,0.0,0.0,0.0,0.0,2578.15
13:18:09.000,0.0,0.0,0.0,0.0,2578.15
13:18:09.100,0.0,0.0,0.0,0.0,2578.15
13:18:09.200,0.0,0.0,0.0,0.0,2578.15
13:18:09.300,0.0,0.0,0.0,0.0,2578.15
13:18:09.400,0.0,0.0,0.0,0.0,2578.15
13:18:09.500,0.0,0.0,0.0,0.0,2578.15
13:18:09.600,0.0,0.0,0.0,0.0,2578.15
13:18:09.700,0.0,0.0,0.0,0.0,2578.15
13:18:09.800,0.0,0.0,0.0,0.0,2578.15
13:18:09.900,0.0,0.0,0.0,0.0,2578.15
13:18:10.000,0.0,0.0,0.0,0.0,2578.15
13:18:10.100,0.0,0.0,0.0,0.0,2578.15
13:18:10.200,0.0,0.0,0.0,0.0,2578.15
13:18:10.300,0.0,0.0,0.0,0.0,2578.15
13:18:10.400,0.0,0.0,0.0,0.0,2578.15
13:18:10.500,0.0,0.0,0.0,0.0,2578.15
13:18:10.600,0.0,0.0,0.0,0.0,2578.15
13:18:10.700,0.0,0.0,0.0,0.0,2578.15
13:18:10.800,0.0,0.0,0.0,0.0,2578.15
13:18:10.900,0.0,0.0,0.0,0.0,2578.15
13:18:11.000,0.0,0.0,0.0,0.0,2578.15
13:18:11.100,0.0,0.0,0.0,0.0,2578.15
13:18:11.200,0.0,0.0,0.0,0.0,2578.15
13:18:11.300,0.0,0.0,0.0,0.0,2578.15
13:18:11.400,0.0,0.0,0.0,0.0,2578.15
13:18:11.500,0.0,0.0,0.0,0.0,2578.15
13:18:11.600,0.0,0.0,0.0,0.0,2578.15
13:18:11.700,0.0,0.0,0.0,0.0,2578.15
13:18:11.800,0.0,0.0,0.0,0.0,2578.15
13:18:11.900,0.0,0.0,0.0,0.0,2578.15
13:18:12.000,0.0,0.0,0.0,0.0,2578.15
13:18:12.100,0.0,0.0,0.0,0.0,2578.15
13:18:12.200,0.0,0.0,0.0,0.0,2578.15
13:18:12.300,0.0,0.0,0.0,0.0,2578.15
13:18:12.400,0.0,0.0,0.0,0.0,2578.15
13:18:12.500,0.0,0.0,0.0,0.0,2578.15
13:18:12.600,0.0,0.0,0.0,0.0,2578.15
13:18:12.700,0.0,0.0,0.0,0.0,2578.15
13:18:12.800,0.0,0.0,0.0,0.0,2578.15
13:18:12.900,0.0,0.0,0.0,0.0,2578.15
13:18:13.000,0.0,0.0,0.0,0.0,2578.15
13:18:13.100,0.0,0.0,0.0,0.0,2578.15
13:18:13.200,0.0,0.0,0.0,0.0,2578.15
13:18:13.300,0.0,0.0,0.0,0.0,2578.15
13:18:13.400,0.0,0.0,0.0,0.0,2578.15
13:18:13.500,0.0,0.0,0.0,0.0,2578.15
13:18:13.600,0.0,0.0,0.0,0.0,2578.15
13:18:13.700,0.0,0.0,0.0,0.0,2578.15
13:18:13.800,0.0,0.0,0.0,0.0,2578.15
13:18:13.900,0.0,0.0,0.0,0.0,2578.15
13:18:14.000,0.0,0.0,0.0,0.0,2578.15
13:18:14.100,0.0,0.0,0.0,0.0,2578.15
13:18:14.200,0.0,0.0,0.0,0.0,2578.15
13:18:14.300,0.0,0.0,0.0,0.0,2578.15
13:18:14.400,0.0,0.0,0.0,0.0,2578.15
13:18:14.500,0.0,0.0,0.0,0.0,2578.15
13:18:14.600,0.0,0.0,0.0,0.0,2578.15
13:18:14.700,0.0,0.0,0.0,0.0,2578.15
13:18:14.800,0.0,0.0,0.0,0.0,2578.15
13:18:14.900,0.0,0.0,0.0,0.0,2578.15
13:18:15.000,0.0,0.0,0.0,0.0,2578.15
13:18:15.100,0.0,0.0,0.0,0.0,2578.15
13:18:15.200,0.0,0.0,0.0,0.0,2578.15
13:18:15.300,0.0,0.0,0.0,0.0,2578.15
13:18:15.400,0.0,0.0,0.0,0.0,2578.15
13:18:15.500,0.0,0.0,0.0,0.0,2578.15
13:18:15.600,0.0,0.0,0.0,0.0,2578.15
13:18:15.700,0.0,0.0,0.0,0.0,2578.15
13:18:15.800,0.0,0.0,0.0,0.0,2578.15
13:18:15.900,0.0,0.0,0.0,0.0,2578.15
13:18:16.000,0.0,0.0,0.0,0.0,2578.15
13:18:16.100,0.0,0.0,0.0,0.0,2578.15
13:18:16.200,0.0,0.0,0.0,0.0,2578.15
13:18:16.300,0.0,0.0,0.0,0.0,2578.15
13:18:16.400,0.0,0.0,0.0,0.0,2578.15
13:18:16.500,0.0,0.0,0.0,0.0,2578.15
13:18:16.600,0.0,0.0,0.0,0.0,2578.15
13:18:16.700,0.0,0.0,0.0,0.0,2578.15
13:18:16.800,0.0,0.0,0.0,0.0,2578.15
13:18:16.900,0.0,0.0,0.0,0.0,2578.15
13:18:17.000,0.0,0.0,0.0,0.0,2578.15
13:18:17.100,0.0,0.0,0.0,0.0,2578.15
13:18:17.200,0.0,0.0,0.0,0.0,2578.15
13:18:17.300,0.0,0.0,0.0,0.0,2578.15
13:18:17.400,0.0,0.0,0.0,0.0,2578.15
13:18:17.500,0.0,0.0,0.0,0.0,2578.15
13:18:17.600,0.0,0.0,0.0,0.0,2578.15
13:18:17.700,0.0,0.0,0.0,0.0,2578.15
13:18:17.800,0.0,0.0,0.0,0.0,2578.15
13:18:17.900,0.0,0.0,0.0,0.0,2578.15
13:18:18.000,0.0,0.0,0.0,0.0,2578.15
13:18:18.100,0.0,0.0,0.0,0.0,2578.15
13:18:18.200,0.0,0.0,0.0,0.0,2578.15
13:18:18.300,0.0,0.0,0.0,0.0,2578.15
13:18:18.400,0.0,0.0,0.0,0.0,2578.15
13:18:18.500,0.0,0.0,0.0,0.0,2578.15
13:18:18.600,0.0,0.0,0.0,0.0,2578.15
13:18:18.700,0.0,0.0,0.0,0.0,2578.15
13:18:18.800,0.0,0.0,0.0,0.0,2578.15
13:18:18.900,0.0,0.0,0.0,0.0,2578.15
13:18:19.000,0.0,0.0,0.0,0.0,2578.15
13:18:19.100,0.0,0.0,0.0,0.0,2578.15
13:18:19.200,0.0,0.0,0.0,0.0,2578.15
13:18:19.300,0.0,0.0,0.0,0.0,2578.15
13:18:19.400,0.0,0.0,0.0,0.0,2578.15
13:18:19.500,0.0,0.0,0.0,0.0,2578.15
13:18:19.600,0.0,0.0,0.0,0.0,2578.15
13:18:19.700,0.0,0.0,0.0,0.0,2578.15
13:18:19.800,0.0,0.0,0.0,0.0,2578.15
13:18:19.900,0.0,0.0,0.0,0.0,2578.15
13:18:20.000,0.0,0.0,0.0,0.0,2578.15
13:18:20.100,0.0,0.0,0.0,0.0,2578.15
13:18:20.200,0.0,0.0,0.0,0.0,2578.15
13:18:20.300,0.0,0.0,0.0,0.0,2578.15
13:18:20.400,0.0,0.0,0.0,0.0,2578.15
13:18:20.500,0.0,0.0,0.0,0.0,2578.15
13:18:20.600,0.0,0.0,0.0,0.0,2578.15
13:18:20.700,0.0,0.0,0.0,0.0,2578.15
13:18:20.800,0.0,0.0,0.0,0.0,2578.15
13:18:20.900,0.0,0.0,0.0,0.0,2578.15
13:18:21.000,0.0,0.0,0.0,0.0,2578.15
13:18:21.100,0.0,0.0,0.0,0.0,2578.15
13:18:21.200,0.0,0.0,0.0,0.0,2578.15
13:18:21.300,0.0,0.0,0.0,0.0,2578.15
13:18:21.400,0.0,0.0,0.0,0.0,2578.15
13:18:21.500,0.0,0.0,0.0,0.0,2578.15
13:18:21.600,0.0,0.0,0.0,0.0,2578.15
13:18:21.700,0.0,0.0,0.0,0.0,2578.15
13:18:21.800,0.0,0.0,0.0,0.0,2578.15
13:18:21.900,0.0,0.0,0.0,0.0,2578.15
13:18:22.000,0.0,0.0,0.0,0.0,2578.15
13:18:22.100,0.0,0.0,0.0,0.0,2578.15
13:18:22.200,0.0,0.0,0.0,0.0,2578.15
13:18:22.300,0.0,0.0,0.0,0.0,2578.15
13:18:22.400,0.0,0.0,0.0,0.0,2578.15
13:18:22.500,0.0,0.0,0.0,0.0,2578.15
13:18:22.600,0.0,0.0,0.0,0.0,2578.15
13:18:22.700,0.0,0.0,0.0,0.0,2578.15
13:18:22.800,0.0,0.0,0.0,0.0,2578.15
13:18:22.900,0.0,0.0,0.0,0.0,2578.15
13:18:23.000,0.0,0.0,0.0,0.0,2578.15
13:18:23.100,0.0,0.0,0.0,0.0,2578.15
13:18:23.200,0.0,0.0,0.0,0.0,2578.15
13:18:23.300,0.0,0.0,0.0,0.0,2578.15
13:18:23.400,0.0,0.0,0.0,0.0,2578.15
13:18:23.500,0.0,0.0,0.0,0.0,2578.15
13:18:23.600,0.0,0.0,0.0,0.0,2578.15
13:18:23.700,0.0,0.0,0.0,0.0,2578.15
13:18:23.800,0.0,0.0,0.0,0.0,2578.15
13:18:23.900,0.0,0.0,0.0,0.0,2578.15
13:18:24.000,0.0,0.0,0.0,0.0,2578.15
13:18:24.100,0.0,0.0,0.0,0.0,2578.15
13:18:24.200,0.0,0.0,0.0,0.0,2578.15
13:18:24.300,0.0,0.0,0.0,0.0,2578.15
13:18:24.400,0.0,0.0,0.0,0.0,2578.15
13:18:24.500,0.0,0.0,0.0,0.0,2578.15
13:18:24.600,0.0,0.0,0.0,0.0,2578.15
13:18:24.700,0.0,0.0,0.0,0.0,2578.15
13:18:24.800,0.0,0.0,0.0,0.0,2578.15
13:18:24.900,0.0,0.0,0.0,0.0,2578.15
13:18:25.000,0.0,0.0,0.0,0.0,2578.15
13:18:25.100,0.0,0.0,0.0,0.0,2578.15
13:18:25.200,0.0,0.0,0.0,0.0,2578.15
13:18:25.300,0.0,0.0,0.0,0.0,2578.15
13:18:25.400,0.0,0.0,0.0,0.0,2578.15
13:18:25.500,0.0,0.0,0.0,0.0,2578.15
13:18:25.600,0.0,0.0,0.0,0.0,2578.15
13:18:25.700,0.0,0.0,0.0,0.0,2578.15
13:18:25.800,0.0,0.0,0.0,0.0,2578.15
13:18:25.900,0.0,0.0,0.0,0.0,2578.15
13:18:26.000,0.0,0.0,0.0,0.0,2578.15
13:18:26.100,0.0,0.0,0.0,0.0,2578.15
13:18:26.200,0.0,0.0,0.0,0.0,2578.15
13:18:26.300,0.0,0.0,0.0,0.0,2578.15
13:18:26.400,0.0,0.0,0.0,0.0,2578.15
13:18:26.500,0.0,0.0,0.0,0.0,2578.15
13:18:26.600,0.0,0.0,0.0,0.0,2578.15
13:18:26.700,0.0,0.0,0.0,0.0,2578.15
13:18:26.800,0.0,0.0,0.0,0.0,2578.15
13:18:26.900,0.0,0.0,0.0,0.0,2578.15
13:18:27.000,0.0,0.0,0.0,0.0,2578.15
13:18:27.100,0.0,0.0,0.0,0.0,2578.15
13:18:27.200,0.0,0.0,0.0,0.0,2578.15
13:18:27.300,0.0,0.0,0.0,0.0,2578.15
13:18:27.400,0.0,0.0,0.0,0.0,2578.15
13:18:27.500,0.0,0.0,0.0,0.0,2578.15
13:18:27.600,0.0,0.0,0.0,0.0,2578.15
13:18:27.700,0.0,0.0,0.0,0.0,2578.15
13:18:27.800,0.0,0.0,0.0,0.0,2578.15
13:18:27.900,0.0,0.0,0.0,0.0,2578.15
13:18:28.000,0.0,0.0,0.0,0.0,2578.15
13:18:28.100,0.0,0.0,0.0,0.0,2578.15
13:18:28.200,0.0,0.0,0.0,0.0,2578.15
13:18:28.300,0.0,0.0,0.0,0.0,2578.15
13:18:28.400,0.0,0.0,0.0,0.0,2578.15
13:18:28.500,0.0,0.0,0.0,0.0,2578.15
13:18:28.600,0.0,0.0,0.0,0.0,2578.15
13:18:28.700,0.0,0.0,0.0,0.0,2578.15
13:18:28.800,0.0,0.0,0.0,0.0,2578.15
13:18:28.900,0.0,0.0,0.0,0.0,2578.15
13:18:29.000,0.0,0.0,0.0,0.0,2578.15
13:18:29.100,0.0,0.0,0.0,0.0,2578.15
13:18:29.200,0.0,0.0,0.0,0.0,2578.15
13:18:29.300,0.0,0.0,0.0,0.0,2578.15
13:18:29.400,0.0,0.0,0.0,0.0,2578.15
13:18:29.500,0.0,0.0,0.0,0.0,2578.15
13:18:29.600,0.0,0.0,0.0,0.0,2578.15
13:18:29.700,0.0,0.0,0.0,0.0,2578.15
13:18:29.800,0.0,0.0,0.0,0.0,2578.15
13:18:29.900,0.0,0.0,0.0,0.0,2578.15
13:18:30.000,0.0,0.0,0.0,0.0,2578.15
13:18:30.100,0.0,0.0,0.0,0.0,2578.15
13:18:30.200,0.0,0.0,0.0,0.0,2578.15
13:18:30.300,0.0,0.0,0.0,0.0,2578.15
13:18:30.400,0.0,0.0,0.0,0.0,2578.15
13:18:30.500,0.0,0.0,0.0,0.0,2578.15
13:18:30.600,0.0,0.0,0.0,0.0,2578.15
13:18:30.700,0.0,0.0,0.0,0.0,2578.15
13:18:30.800,0.0,0.0,0.0,0.0,2578.15
13:18:30.900,0.0,0.0,0.0,0.0,2578.15
13:18:31.000,0.0,0.0,0.0,0.0,2578.15
13:18:31.100,0.0,0.0,0.0,0.0,2578.15
13:18:31.200,0.0,0.0,0.0,0.0,2578.15
13:18:31.300,0.0,0.0,0.0,0.0,2578.15
13:18:31.400,0.0,0.0,0.0,0.0,2578.15
13:18:31.500,0.0,0.0,0.0,0.0,2578.15
13:18:31.600,0.0,0.0,0.0,0.0,2578.15
13:18:31.700,0.0,0.0,0.0,0.0,2578.15
13:18:31.800,0.0,0.0,0.0,0.0,2578.15
13:18:31.900,0.0,0.0,0.0,0.0,2578.15
13:18:32.000,0.0,0.0,0.0,0.0,2578.15
13:18:32.100,0.0,0.0,0.0,0.0,2578.15
13:18:32.200,0.0,0.0,0.0,0.0,2578.15
13:18:32.300,0.0,0.0,0.0,0.0,2578.15
13:18:32.400,0.0,0.0,0.0,0.0,2578.15
13:18:32.500,0.0,0.0,0.0,0.0,2578.15
13:18:32.600,0.0,0.0,0.0,0.0,2578.15
13:18:32.700,0.0,0.0,0.0,0.0,2578.15
13:18:32.800,0.0,0.0,0.0,0.0,2578.15
13:18:32.900,0.0,0.0,0.0,0.0,2578.15
13:18:33.000,0.0,0.0,0.0,0.0,2578.15
13:18:33.100,0.0,0.0,0.0,0.0,2578.15
13:18:33.200,0.0,0.0,0.0,0.0,2578.15
13:18:33.300,0.0,0.0,0.0,0.0,2578.15
13:18:33.400,0.0,0.0,0.0,0.0,2578.15
13:18:33.500,0.0,0.0,0.0,0.0,2578.15
13:18:33.600,0.0,0.0,0.0,0.0,2578.15
13:18:33.700,0.0,0.0,0.0,0.0,2578.15
13:18:33.800,0.0,0.0,0.0,0.0,2578.15
13:18:33.900,0.0,0.0,0.0,0.0,2578.15
13:18:34.000,0.0,0.0,0.0,0.0,2578.15
13:18:34.100,0.0,0.0,0.0,0.0,2578.15
13:18:34.200,0.0,0.0,0.0,0.0,2578.15
13:18:34.300,0.0,0.0,0.0,0.0,2578.15
13:18:34.400,0.0,0.0,0.0,0.0,2578.15
13:18:34.500,0.0,0.0,0.0,0.0,2578.15
13:18:34.600,0.0,0.0,0.0,0.0,2578.15
13:18:34.700,0.0,0.0,0.0,0.0,2578.15
13:18:34.800,0.0,0.0,0.0,0.0,2578.15
13:18:34.900,0.0,0.0,0.0,0.0,2578.15
13:18:35.000,0.0,0.0,0.0,0.0,2578.15
13:18:35.100,0.0,0.0,0.0,0.0,2578.15
13:18:35.200,0.0,0.0,0.0,0.0,2578.15
13:18:35.300,0.0,0.0,0.0,0.0,2578.15
13:18:35.400,0.0,0.0,0.0,0.0,2578.15
13:18:35.500,0.0,0.0,0.0,0.0,2578.15
13:18:35.600,0.0,0.0,0.0,0.0,2578.15
13:18:35.700,0.0,0.0,0.0,0.0,2578.15
13:18:35.800,0.0,0.0,0.0,0.0,2578.15
13:18:35.900,0.0,0.0,0.0,0.0,2578.15
13:18:36.000,0.0,0.0,0.0,0.0,2578.15
13:18:36.100,0.0,0.0,0.0,0.0,2578.15
13:18:36.200,0.0,0.0,0.0,0.0,2578.15
13:18:36.300,0.0,0.0,0.0,0.0,2578.15
13:18:36.400,0.0,0.0,0.0,0.0,2578.15
13:18:36.500,0.0,0.0,0.0,0.0,2578.15
13:18:36.600,0.0,0.0,0.0,0.0,2578.15
13:18:36.700,0.0,0.0,0.0,0.0,2578.15
13:18:36.800,0.0,0.0,0.0,0.0,2578.15
13:18:36.900,0.0,0.0,0.0,0.0,2578.15
13:18:37.000,0.0,0.0,0.0,0.0,2578.15
13:18:37.100,0.0,0.0,0.0,0.0,2578.15
13:18:37.200,0.0,0.0,0.0,0.0,2578.15
13:18:37.300,0.0,0.0,0.0,0.0,2578.15
13:18:37.400,0.0,0.0,0.0,0.0,2578.15
13:18:37.500,0.0,0.0,0.0,0.0,2578.15
13:18:37.600,0.0,0.0,0.0,0.0,2578.15
13:18:37.700,0.0,0.0,0.0,0.0,2578.15
13:18:37.800,0.0,0.0,0.0,0.0,2578.15
13:18:37.900,0.0,0.0,0.0,0.0,2578.15
13:18:38.000,0.0,0.0,0.0,0.0,2578.15
13:18:38.100,0.0,0.0,0.0,0.0,2578.15
13:18:38.200,0.0,0.0,0.0,0.0,2578.15
13:18:38.300,0.0,0.0,0.0,0.0,2578.15
13:18:38.400,0.0,0.0,0.0,0.0,2578.15
13:18:38.500,0.0,0.0,0.0,0.0,2578.15
13:18:38.600,0.0,0.0,0.0,0.0,2578.15
13:18:38.700,0.0,0.0,0.0,0.0,2578.15
13:18:38.800,0.0,0.0,0.0,0.0,2578.15
13:18:38.900,0.0,0.0,0.0,0.0,2578.15
13:18:39.000,0.0,0.0,0.0,0.0,2578.15
13:18:39.100,0.0,0.0,0.0,0.0,2578.15
13:18:39.200,0.0,0.0,0.0,0.0,2578.15
13:18:39.300,0.0,0.0,0.0,0.0,2578.15
13:18:39.400,0.0,0.0,0.0,0.0,2578.15
13:18:39.500,0.0,0.0,0.0,0.0,2578.15
13:18:39.600,0.0,0.0,0.0,0.0,2578.15
13:18:39.700,0.0,0.0,0.0,0.0,2578.15
13:18:39.800,0.0,0.0,0.0,0.0,2578.15
13:18:39.900,0.0,0.0,0.0,0.0,2578.15
13:18:40.000,0.0,0.0,0.0,0.0,2578.15
13:18:40.100,0.0,0.0,0.0,0.0,2578.15
13:18:40.200,0.0,0.0,0.0,0.0,2578.15
13:18:40.300,0.0,0.0,0.0,0.0,2578.15
13:18:40.400,0.0,0.0,0.0,0.0,2578.15
13:18:40.500,0.0,0.0,0.0,0.0,2578.15
13:18:40.600,0.0,0.0,0.0,0.0,2578.15
13:18:40.700,0.0,0.0,0.0,0.0,2578.15
13:18:40.800,0.0,0.0,0.0,0.0,2578.15
13:18:40.900,0.0,0.0,0.0,0.0,2578.15
13:18:41.000,0.0,0.0,0.0,0.0,2578.15
13:18:41.100,0.0,0.0,0.0,0.0,2578.15
13:18:41.200,0.0,0.0,0.0,0.0,2578.15
13:18:41.300,0.0,0.0,0.0,0.0,2578.15
13:18:41.400,0.0,0.0,0.0,0.0,2578.15
13:18:41.500,0.0,0.0,0.0,0.0,2578.15
13:18:41.600,0.0,0.0,0.0,0.0,2578.15
13:18:41.700,0.0,0.0,0.0,0.0,2578.15
13:18:41.800,0.0,0.0,0.0,0.0,2578.15
13:18:41.900,0.0,0.0,0.0,0.0,2578.15
13:18:42.000,0.0,0.0,0.0,0.0,2578.15
13:18:42.100,0.0,0.0,0.0,0.0,2578.15
13:18:42.200,0.0,0.0,0.0,0.0,2578.15
13:18:42.300,0.0,0.0,0.0,0.0,2578.15
13:18:42.400,0.0,0.0,0.0,0.0,2578.15
13:18:42.500,0.0,0.0,0.0,0.0,2578.15
13:18:42.600,0.0,0.0,0.0,0.0,2578.15
13:18:42.700,0.0,0.0,0.0,0.0,2578.15
13:18:42.800,0.0,0.0,0.0,0.0,2578.15
13:18:42.900,0.0,0.0,0.0,0.0,2578.15
13:18:43.000,0.0,0.0,0.0,0.0,2578.15
13:18:43.100,0.0,0.0,0.0,0.0,2578.15
13:18:43.200,0.0,0.0,0.0,0.0,2578.15
13:18:43.300,0.0,0.0,0.0,0.0,2578.15
13:18:43.400,0.0,0.0,0.0,0.0,2578.15
13:18:43.500,0.0,0.0,0.0,0.0,2578.15
13:18:43.600,0.0,0.0,0.0,0.0,2578.15
13:18:43.700,0.0,0.0,0.0,0.0,2578.15
13:18:43.800,0.0,0.0,0.0,0.0,2578.15
13:18:43.900,0.0,0.0,0.0,0.0,2578.15
13:18:44.000,0.0,0.0,0.0,0.0,2578.15
13:18:44.100,0.0,0.0,0.0,0.0,2578.15
13:18:44.200,0.0,0.0,0.0,0.0,2578.15
13:18:44.300,0.0,0.0,0.0,0.0,2578.15
13:18:44.400,0.0,0.0,0.0,0.0,2578.15
13:18:44.500,0.0,0.0,0.0,0.0,2578.15
13:18:44.600,0.0,0.0,0.0,0.0,2578.15
13:18:44.700,0.0,0.0,0.0,0.0,2578.15
13:18:44.800,0.0,0.0,0.0,0.0,2578.15
13:18:44.900,0.0,0.0,0.0,0.0,2578.15
13:18:45.000,0.0,0.0,0.0,0.0,2578.15
13:18:45.100,0.0,0.0,0.0,0.0,2578.15
13:18:45.200,0.0,0.0,0.0,0.0,2578.15
13:18:45.300,0.0,0.0,0.0,0.0,2578.15
13:18:45.400,0.0,0.0,0.0,0.0,2578.15
13:18:45.500,0.0,0.0,0.0,0.0,2578.15
13:18:45.600,0.0,0.0,0.0,0.0,2578.15
13:18:45.700,0.0,0.0,0.0,0.0,2578.15
13:18:45.800,0.0,0.0,0.0,0.0,2578.15
13:18:45.900,0.0,0.0,0.0,0.0,2578.15
13:18:46.000,0.0,0.0,0.0,0.0,2578.15
13:18:46.100,0.0,0.0,0.0,0.0,2578.15
13:18:46.200,0.0,0.0,0.0,0.0,2578.15
13:18:46.300,0.0,0.0,0.0,0.0,2578.15
13:18:46.400,0.0,0.0,0.0,0.0,2578.15
13:18:46.500,0.0,0.0,0.0,0.0,2578.15
13:18:46.600,0.0,0.0,0.0,0.0,2578.15
13:18:46.700,0.0,0.0,0.0,0.0,2578.15
13:18:46.800,0.0,0.0,0.0,0.0,2578.15
13:18:46.900,0.0,0.0,0.0,0.0,2578.15
13:18:47.000,0.0,0.0,0.0,0.0,2578.15
13:18:47.100,0.0,0.0,0.0,0.0,2578.15
13:18:47.200,0.0,0.0,0.0,0.0,2578.15
13:18:47.300,0.0,0.0,0.0,0.0,2578.15
13:18:47.400,0.0,0.0,0.0,0.0,2578.15
13:18:47.500,0.0,0.0,0.0,0.0,2578.15
13:18:47.600,0.0,0.0,0.0,0.0,2578.15
13:18:47.700,0.0,0.0,0.0,0.0,2578.15
13:18:47.800,0.0,0.0,0.0,0.0,2578.15
13:18:47.900,0.0,0.0,0.0,0.0,2578.15
13:18:48.000,0.0,0.0,0.0,0.0,2578.15
13:18:48.100,0.0,0.0,0.0,0.0,2578.15
13:18:48.200,0.0,0.0,0.0,0.0,2578.15
13:18:48.300,0.0,0.0,0.0,0.0,2578.15
13:18:48.400,0.0,0.0,0.0,0.0,2578.15
13:18:48.500,0.0,0.0,0.0,0.0,2578.15
13:18:48.600,0.0,0.0,0.0,0.0,2578.15
13:18:48.700,0.0,0.0,0.0,0.0,2578.15
13:18:48.800,0.0,0.0,0.0,0.0,2578.15
13:18:48.900,0.0,0.0,0.0,0.0,2578.15
13:18:49.000,0.0,0.0,0.0,0.0,2578.15
13:18:49.100,0.0,0.0,0.0,0.0,2578.15
13:18:49.200,0.0,0.0,0.0,0.0,2578.15
13:18:49.300,0.0,0.0,0.0,0.0,2578.15
13:18:49.400,0.0,0.0,0.0,0.0,2578.15
13:18:49.500,0.0,0.0,0.0,0.0,2578.15
13:18:49.600,0.0,0.0,0.0,0.0,2578.15
13:18:49.700,0.0,0.0,0.0,0.0,2578.15
13:18:49.800,0.0,0.0,0.0,0.0,2578.15
13:18:49.900,0.0,0.0,0.0,0.0,2578.15
13:18:50.000,0.0,0.0,0.0,0.0,2578.15
13:18:50.100,0.0,0.0,0.0,0.0,2578.15
13:18:50.200,0.0,0.0,0.0,0.0,2578.15
13:18:50.300,0.0,0.0,0.0,0.0,2578.15
13:18:50.400,0.0,0.0,0.0,0.0,2578.15
13:18:50.500,0.0,0.0,0.0,0.0,2578.15
13:18:50.600,0.0,0.0,0.0,0.0,2578.15
13:18:50.700,0.0,0.0,0.0,0.0,2578.15
13:18:50.800,0.0,0.0,0.0,0.0,2578.15
13:18:50.900,0.0,0.0,0.0,0.0,2578.15
13:18:51.000,0.0,0.0,0.0,0.0,2578.15
13:18:51.100,0.0,0.0,0.0,0.0,2578.15
13:18:51.200,0.0,0.0,0.0,0.0,2578.15
13:18:51.300,0.0,0.0,0.0,0.0,2578.15
13:18:51.400,0.0,0.0,0.0,0.0,2578.15
13:18:51.500,0.0,0.0,0.0,0.0,2578.15
13:18:51.600,0.0,0.0,0.0,0.0,2578.15
13:18:51.700,0.0,0.0,0.0,0.0,2578.15
13:18:51.800,0.0,0.0,0.0,0.0,2578.15
13:18:51.900,0.0,0.0,0.0,0.0,2578.15
13:18:52.000,0.0,0.0,0.0,0.0,2578.15
13:18:52.100,0.0,0.0,0.0,0.0,2578.15
13:18:52.200,0.0,0.0,0.0,0.0,2578.15
13:18:52.300,0.0,0.0,0.0,0.0,2578.15
13:18:52.400,0.0,0.0,0.0,0.0,2578.15
13:18:52.500,0.0,0.0,0.0,0.0,2578.15
13:18:52.600,0.0,0.0,0.0,0.0,2578.15
13:18:52.700,0.0,0.0,0.0,0.0,2578.15
13:18:52.800,0.0,0.0,0.0,0.0,2578.15
13:18:52.900,0.0,0.0,0.0,0.0,2578.15
13:18:53.000,0.0,0.0,0.0,0.0,2578.15
13:18:53.100,0.0,0.0,0.0,0.0,2578.15
13:18:53.200,0.0,0.0,0.0,0.0,2578.15
13:18:53.300,0.0,0.0,0.0,0.0,2578.15
13:18:53.400,0.0,0.0,0.0,0.0,2578.15
13:18:53.500,0.0,0.0,0.0,0.0,2578.15
13:18:53.600,0.0,0.0,0.0,0.0,2578.15
13:18:53.700,0.0,0.0,0.0,0.0,2578.15
13:18:53.800,0.0,0.0,0.0,0.0,2578.15
13:18:53.900,0.0,0.0,0.0,0.0,2578.15
13:18:54.000,0.0,0.0,0.0,0.0,2578.15
13:18:54.100,0.0,0.0,0.0,0.0,2578.15
13:18:54.200,0.0,0.0,0.0,0.0,2578.15
13:18:54.300,0.0,0.0,0.0,0.0,2578.15
13:18:54.400,0.0,0.0,0.0,0.0,2578.15
13:18:54.500,0.0,0.0,0.0,0.0,2578.15
13:18:54.600,0.0,0.0,0.0,0.0,2578.15
13:18:54.700,0.0,0.0,0.0,0.0,2578.15
13:18:54.800,0.0,0.0,0.0,0.0,2578.15
13:18:54.900,0.0,0.0,0.0,0.0,2578.15
13:18:55.000,0.0,0.0,0.0,0.0,2578.15
13:18:55.100,0.0,0.0,0.0,0.0,2578.15
13:18:55.200,0.0,0.0,0.0,0.0,2578.15
13:18:55.300,0.0,0.0,0.0,0.0,2578.15
13:18:55.400,0.0,0.0,0.0,0.0,2578.15
13:18:55.500,0.0,0.0,0.0,0.0,2578.15
13:18:55.600,0.0,0.0,0.0,0.0,2578.15
13:18:55.700,0.0,0.0,0.0,0.0,2578.15
13:18:55.800,0.0,0.0,0.0,0.0,2578.15
13:18:55.900,0.0,0.0,0.0,0.0,2578.15
13:18:56.000,0.0,0.0,0.0,0.0,2578.15
13:18:56.100,0.0,0.0,0.0,0.0,2578.15
13:18:56.200,0.0,0.0,0.0,0.0,2578.15
13:18:56.300,0.0,0.0,0.0,0.0,2578.15
13:18:56.400,0.0,0.0,0.0,0.0,2578.15
13:18:56.500,0.0,0.0,0.0,0.0,2578.15
13:18:56.600,0.0,0.0,0.0,0.0,2578.15
13:18:56.700,0.0,0.0,0.0,0.0,2578.15
13:18:56.800,0.0,0.0,0.0,0.0,2578.15
13:18:56.900,0.0,0.0,0.0,0.0,2578.15
13:18:57.000,0.0,0.0,0.0,0.0,2578.15
13:18:57.100,0.0,0.0,0.0,0.0,2578.15
13:18:57.200,0.0,0.0,0.0,0.0,2578.15
13:18:57.300,0.0,0.0,0.0,0.0,2578.15
13:18:57.400,0.0,0.0,0.0,0.0,2578.15
13:18:57.500,0.0,0.0,0.0,0.0,2578.15
13:18:57.600,0.0,0.0,0.0,0.0,2578.15
13:18:57.700,0.0,0.0,0.0,0.0,2578.15
13:18:57.800,0.0,0.0,0.0,0.0,2578.15
13:18:57.900,0.0,0.0,0.0,0.0,2578.15
13:18:58.000,0.0,0.0,0.0,0.0,2578.15
13:18:58.100,0.0,0.0,0.0,0.0,2578.15
13:18:58.200,0.0,0.0,0.0,0.0,2578.15
13:18:58.300,0.0,0.0,0.0,0.0,2578.15
13:18:58.400,0.0,0.0,0.0,0.0,2578.15
13:18:58.500,0.0,0.0,0.0,0.0,2578.15
13:18:58.600,0.0,0.0,0.0,0.0,2578.15
13:18:58.700,0.0,0.0,0.0,0.0,2578.15
13:18:58.800,0.0,0.0,0.0,0.0,2578.15
13:18:58.900,0.0,0.0,0.0,0.0,2578.15
13:18:59.000,0.0,0.0,0.0,0.0,2578.15
13:18:59.100,0.0,0.0,0.0,0.0,2578.15
13:18:59.200,0.0,0.0,0.0,0.0,2578.15
13:18:59.300,0.0,0.0,0.0,0.0,2578.15
13:18:59.400,0.0,0.0,0.0,0.0,2578.15
13:18:59.500,0.0,0.0,0.0,0.0,2578.15
13:18:59.600,0.0,0.0,0.0,0.0,2578.15
13:18:59.700,0.0,0.0,0.0,0.0,2578.15
13:18:59.800,0.0,0.0,0.0,0.0,2578.15
13:18:59.900,0.0,0.0,0.0,0.0,2578.15
13:19:00.000,0.0,0.0,0.0,0.0,2578.15
13:19:00.100,0.0,0.0,0.0,0.0,2578.15
13:19:00.200,0.0,0.0,0.0,0.0,2578.15
13:19:00.300,0.0,0.0,0.0,0.0,2578.15
13:19:00.400,0.0,0.0,0.0,0.0,2578.15
13:19:00.500,0.0,0.0,0.0,0.0,2578.15
13:19:00.600,0.0,0.0,0.0,0.0,2578.15
13:19:00.700,0.0,0.0,0.0,0.0,2578.15
13:19:00.800,0.0,0.0,0.0,0.0,2578.15
13:19:00.900,0.0,0.0,0.0,0.0,2578.15
13:19:01.000,0.0,0.0,0.0,0.0,2578.15
13:19:01.100,0.0,0.0,0.0,0.0,2578.15
13:19:01.200,0.0,0.0,0.0,0.0,2578.15
13:19:01.300,0.0,0.0,0.0,0.0,2578.15
13:19:01.400,0.0,0.0,0.0,0.0,2578.15
13:19:01.500,0.0,0.0,0.0,0.0,2578.15
13:19:01.600,0.0,0.0,0.0,0.0,2578.15
13:19:01.700,0.0,0.0,0.0,0.0,2578.15
13:19:01.800,0.0,0.0,0.0,0.0,2578.15
13:19:01.900,0.0,0.0,0.0,0.0,2578.15
13:19:02.000,0.0,0.0,0.0,0.0,2578.15
13:19:02.100,0.0,0.0,0.0,0.0,2578.15
13:19:02.200,0.0,0.0,0.0,0.0,2578.15
13:19:02.300,0.0,0.0,0.0,0.0,2578.15
13:19:02.400,0.0,0.0,0.0,0.0,2578.15
13:19:02.500,0.0,0.0,0.0,0.0,2578.15
13:19:02.600,0.0,0.0,0.0,0.0,2578.15
13:19:02.700,0.0,0.0,0.0,0.0,2578.15
13:19:02.800,0.0,0.0,0.0,0.0,2578.15
13:19:02.900,0.0,0.0,0.0,0.0,2578.15
13:19:03.000,0.0,0.0,0.0,0.0,2578.15
13:19:03.100,0.0,0.0,0.0,0.0,2578.15
13:19:03.200,0.0,0.0,0.0,0.0,2578.15
13:19:03.300,0.0,0.0,0.0,0.0,2578.15
13:19:03.400,0.0,0.0,0.0,0.0,2578.15
13:19:03.500,0.0,0.0,0.0,0.0,2578.15
13:19:03.600,0.0,0.0,0.0,0.0,2578.15
13:19:03.700,0.0,0.0,0.0,0.0,2578.15
13:19:03.800,0.0,0.0,0.0,0.0,2578.15
13:19:03.900,0.0,0.0,0.0,0.0,2578.15
13:19:04.000,0.0,0.0,0.0,0.0,2578.15
13:19:04.100,0.0,0.0,0.0,0.0,2578.15
13:19:04.200,0.0,0.0,0.0,0.0,2578.15
13:19:04.300,0.0,0.0,0.0,0.0,2578.15
13:19:04.400,0.0,0.0,0.0,0.0,2578.15
13:19:04.500,0.0,0.0,0.0,0.0,2578.15
13:19:04.600,0.0,0.0,0.0,0.0,2578.15
13:19:04.700,0.0,0.0,0.0,0.0,2578.15
13:19:04.800,0.0,0.0,0.0,0.0,2578.15
13:19:04.900,0.0,0.0,0.0,0.0,2578.15
13:19:05.000,0.0,0.0,0.0,0.0,2578.15
13:19:05.100,0.0,0.0,0.0,0.0,2578.15
13:19:05.200,0.0,0.0,0.0,0.0,2578.15
13:19:05.300,0.0,0.0,0.0,0.0,2578.15
13:19:05.400,0.0,0.0,0.0,0.0,2578.15
13:19:05.500,0.0,0.0,0.0,0.0,2578.15
13:19:05.600,0.0,0.0,0.0,0.0,2578.15
13:19:05.700,0.0,0.0,0.0,0.0,2578.15
13:19:05.800,0.0,0.0,0.0,0.0,2578.15
13:19:05.900,0.0,0.0,0.0,0.0,2578.15
13:19:06.000,0.0,0.0,0.0,0.0,2578.15
13:19:06.100,0.0,0.0,0.0,0.0,2578.15
13:19:06.200,0.0,0.0,0.0,0.0,2578.15
13:19:06.300,0.0,0.0,0.0,0.0,2578.15
13:19:06.400,0.0,0.0,0.0,0.0,2578.15
13:19:06.500,0.0,0.0,0.0,0.0,2578.15
13:19:06.600,0.0,0.0,0.0,0.0,2578.15
13:19:06.700,0.0,0.0,0.0,0.0,2578.15
13:19:06.800,0.0,0.0,0.0,0.0,2578.15
13:19:06.900,0.0,0.0,0.0,0.0,2578.15
13:19:07.000,0.0,0.0,0.0,0.0,2578.15
13:19:07.100,0.0,0.0,0.0,0.0,2578.15
13:19:07.200,0.0,0.0,0.0,0.0,2578.15
13:19:07.300,0.0,0.0,0.0,0.0,2578.15
13:19:07.400,0.0,0.0,0.0,0.0,2578.15
13:19:07.500,0.0,0.0,0.0,0.0,2578.15
13:19:07.600,0.0,0.0,0.0,0.0,2578.15
13:19:07.700,0.0,0.0,0.0,0.0,2578.15
13:19:07.800,0.0,0.0,0.0,0.0,2578.15
13:19:07.900,0.0,0.0,0.0,0.0,2578.15
13:19:08.000,0.0,0.0,0.0,0.0,2578.15
13:19:08.100,0.0,0.0,0.0,0.0,2578.15
13:19:08.200,0.0,0.0,0.0,0.0,2578.15
13:19:08.300,0.0,0.0,0.0,0.0,2578.15
13:19:08.400,0.0,0.0,0.0,0.0,2578.15
13:19:08.500,0.0,0.0,0.0,0.0,2578.15
13:19:08.600,0.0,0.0,0.0,0.0,2578.15
13:19:08.700,0.0,0.0,0.0,0.0,2578.15
13:19:08.800,0.0,0.0,0.0,0.0,2578.15
13:19:08.900,0.0,0.0,0.0,0.0,2578.15
13:19:09.000,0.0,0.0,0.0,0.0,2578.15
13:19:09.100,0.0,0.0,0.0,0.0,2578.15
13:19:09.200,0.0,0.0,0.0,0.0,2578.15
13:19:09.300,0.0,0.0,0.0,0.0,2578.15
13:19:09.400,0.0,0.0,0.0,0.0,2578.15
13:19:09.500,0.0,0.0,0.0,0.0,2578.15
13:19:09.600,0.0,0.0,0.0,0.0,2578.15
13:19:09.700,0.0,0.0,0.0,0.0,2578.15
13:19:09.800,0.0,0.0,0.0,0.0,2578.15
13:19:09.900,0.0,0.0,0.0,0.0,2578.15
13:19:10.000,0.0,0.0,0.0,0.0,2578.15
13:19:10.100,0.0,0.0,0.0,0.0,2578.15
13:19:10.200,0.0,0.0,0.0,0.0,2578.15
13:19:10.300,0.0,0.0,0.0,0.0,2578.15
13:19:10.400,0.0,0.0,0.0,0.0,2578.15
13:19:10.500,0.0,0.0,0.0,0.0,2578.15
13:19:10.600,0.0,0.0,0.0,0.0,2578.15
13:19:10.700,0.0,0.0,0.0,0.0,2578.15
13:19:10.800,0.0,0.0,0.0,0.0,2578.15
13:19:10.900,0.0,0.0,0.0,0.0,2578.15
13:19:11.000,0.0,0.0,0.0,0.0,2578.15
13:19:11.100,0.0,0.0,0.0,0.0,2578.15
13:19:11.200,0.0,0.0,0.0,0.0,2578.15
13:19:11.300,0.0,0.0,0.0,0.0,2578.15
13:19:11.400,0.0,0.0,0.0,0.0,2578.15
13:19:11.500,0.0,0.0,0.0,0.0,2578.15
13:19:11.600,0.0,0.0,0.0,0.0,2578.15
13:19:11.700,0.0,0.0,0.0,0.0,2578.15
13:19:11.800,0.0,0.0,0.0,0.0,2578.15
13:19:11.900,0.0,0.0,0.0,0.0,2578.15
13:19:12.000,0.0,0.0,0.0,0.0,2578.15
13:19:12.100,0.0,0.0,0.0,0.0,2578.15
13:19:12.200,0.0,0.0,0.0,0.0,2578.15
13:19:12.300,0.0,0.0,0.0,0.0,2578.15
13:19:12.400,0.0,0.0,0.0,0.0,2578.15
13:19:12.500,0.0,0.0,0.0,0.0,2578.15
13:19:12.600,0.0,0.0,0.0,0.0,2578.15
13:19:12.700,0.0,0.0,0.0,0.0,2578.15
13:19:12.800,0.0,0.0,0.0,0.0,2578.15
13:19:12.900,0.0,0.0,0.0,0.0,2578.15
13:19:13.000,0.0,0.0,0.0,0.0,2578.15
13:19:13.100,0.0,0.0,0.0,0.0,2578.15
13:19:13.200,0.0,0.0,0.0,0.0,2578.15
13:19:13.300,0.0,0.0,0.0,0.0,2578.15
13:19:13.400,0.0,0.0,0.0,0.0,2578.15
13:19:13.500,0.0,0.0,0.0,0.0,2578.15
13:19:13.600,0.0,0.0,0.0,0.0,2578.15
13:19:13.700,0.0,0.0,0.0,0.0,2578.15
13:19:13.800,0.0,0.0,0.0,0.0,2578.15
13:19:13.900,0.0,0.0,0.0,0.0,2578.15
13:19:14.000,0.0,0.0,0.0,0.0,2578.15
13:19:14.100,0.0,0.0,0.0,0.0,2578.15
13:19:14.200,0.0,0.0,0.0,0.0,2578.15
13:19:14.300,0.0,0.0,0.0,0.0,2578.15
13:19:14.400,0.0,0.0,0.0,0.0,2578.15
13:19:14.500,0.0,0.0,0.0,0.0,2578.15
13:19:14.600,0.0,0.0,0.0,0.0,2578.15
13:19:14.700,0.0,0.0,0.0,0.0,2578.15
13:19:14.800,0.0,0.0,0.0,0.0,2578.15
13:19:14.900,0.0,0.0,0.0,0.0,2578.15
13:19:15.000,0.0,0.0,0.0,0.0,2578.15
13:19:15.100,0.0,0.0,0.0,0.0,2578.15
13:19:15.200,0.0,0.0,0.0,0.0,2578.15
13:19:15.300,0.0,0.0,0.0,0.0,2578.15
13:19:15.400,0.0,0.0,0.0,0.0,2578.15
13:19:15.500,0.0,0.0,0.0,0.0,2578.15
13:19:15.600,0.0,0.0,0.0,0.0,2578.15
13:19:15.700,0.0,0.0,0.0,0.0,2578.15
13:19:15.800,0.0,0.0,0.0,0.0,2578.15
13:19:15.900,0.0,0.0,0.0,0.0,2578.15
13:19:16.000,0.0,0.0,0.0,0.0,2578.15
13:19:16.100,0.0,0.0,0.0,0.0,2578.15
13:19:16.200,0.0,0.0,0.0,0.0,2578.15
13:19:16.300,0.0,0.0,0.0,0.0,2578.15
13:19:16.400,0.0,0.0,0.0,0.0,2578.15
13:19:16.500,0.0,0.0,0.0,0.0,2578.15
13:19:16.600,0.0,0.0,0.0,0.0,2578.15
13:19:16.700,0.0,0.0,0.0,0.0,2578.15
13:19:16.800,0.0,0.0,0.0,0.0,2578.15
13:19:16.900,0.0,0.0,0.0,0.0,2578.15
13:19:17.000,0.0,0.0,0.0,0.0,2578.15
13:19:17.100,0.0,0.0,0.0,0.0,2578.15
13:19:17.200,0.0,0.0,0.0,0.0,2578.15
13:19:17.300,0.0,0.0,0.0,0.0,2578.15
13:19:17.400,0.0,0.0,0.0,0.0,2578.15
13:19:17.500,0.0,0.0,0.0,0.0,2578.15
13:19:17.600,0.0,0.0,0.0,0.0,2578.15
13:19:17.700,0.0,0.0,0.0,0.0,2578.15
13:19:17.800,0.0,0.0,0.0,0.0,2578.15
13:19:17.900,0.0,0.0,0.0,0.0,2578.15
13:19:18.000,0.0,0.0,0.0,0.0,2578.15
13:19:18.100,0.0,0.0,0.0,0.0,2578.15
13:19:18.200,0.0,0.0,0.0,0.0,2578.15
13:19:18.300,0.0,0.0,0.0,0.0,2578.15
13:19:18.400,0.0,0.0,0.0,0.0,2578.15
13:19:18.500,0.0,0.0,0.0,0.0,2578.15
13:19:18.600,0.0,0.0,0.0,0.0,2578.15
13:19:18.700,0.0,0.0,0.0,0.0,2578.15
13:19:18.800,0.0,0.0,0.0,0.0,2578.15
13:19:18.900,0.0,0.0,0.0,0.0,2578.15
13:19:19.000,0.0,0.0,0.0,0.0,2578.15
13:19:19.100,0.0,0.0,0.0,0.0,2578.15
13:19:19.200,0.0,0.0,0.0,0.0,2578.15
13:19:19.300,0.0,0.0,0.0,0.0,2578.15
13:19:19.400,0.0,0.0,0.0,0.0,2578.15
13:19:19.500,0.0,0.0,0.0,0.0,2578.15
13:19:19.600,0.0,0.0,0.0,0.0,2578.15
13:19:19.700,0.0,0.0,0.0,0.0,2578.15
13:19:19.800,0.0,0.0,0.0,0.0,2578.15
13:19:19.900,0.0,0.0,0.0,0.0,2578.15
13:19:20.000,0.0,0.0,0.0,0.0,2578.15
13:19:20.100,0.0,0.0,0.0,0.0,2578.15
13:19:20.200,0.0,0.0,0.0,0.0,2578.15
13:19:20.300,0.0,0.0,0.0,0.0,2578.15
13:19:20.400,0.0,0.0,0.0,0.0,2578.15
13:19:20.500,0.0,0.0,0.0,0.0,2578.15
13:19:20.600,0.0,0.0,0.0,0.0,2578.15
13:19:20.700,0.0,0.0,0.0,0.0,2578.15
13:19:20.800,0.0,0.0,0.0,0.0,2578.15
13:19:20.900,0.0,0.0,0.0,0.0,2578.15
13:19:21.000,0.0,0.0,0.0,0.0,2578.15
13:19:21.100,0.0,0.0,0.0,0.0,2578.15
13:19:21.200,0.0,0.0,0.0,0.0,2578.15
13:19:21.300,0.0,0.0,0.0,0.0,2578.15
13:19:21.400,0.0,0.0,0.0,0.0,2578.15
13:19:21.500,0.0,0.0,0.0,0.0,2578.15
13:19:21.600,0.0,0.0,0.0,0.0,2578.15
13:19:21.700,0.0,0.0,0.0,0.0,2578.15
13:19:21.800,0.0,0.0,0.0,0.0,2578.15
13:19:21.900,0.0,0.0,0.0,0.0,2578.15
13:19:22.000,0.0,0.0,0.0,0.0,2578.15
13:19:22.100,0.0,0.0,0.0,0.0,2578.15
13:19:22.200,0.0,0.0,0.0,0.0,2578.15
13:19:22.300,0.0,0.0,0.0,0.0,2578.15
13:19:22.400,0.0,0.0,0.0,0.0,2578.15
13:19:22.500,0.0,0.0,0.0,0.0,2578.15
13:19:22.600,0.0,0.0,0.0,0.0,2578.15
13:19:22.700,0.0,0.0,0.0,0.0,2578.15
13:19:22.800,0.0,0.0,0.0,0.0,2578.15
13:19:22.900,0.0,0.0,0.0,0.0,2578.15
13:19:23.000,0.0,0.0,0.0,0.0,2578.15
13:19:23.100,0.0,0.0,0.0,0.0,2578.15
13:19:23.200,0.0,0.0,0.0,0.0,2578.15
13:19:23.300,0.0,0.0,0.0,0.0,2578.15
13:19:23.400,0.0,0.0,0.0,0.0,2578.15
13:19:23.500,0.0,0.0,0.0,0.0,2578.15
13:19:23.600,0.0,0.0,0.0,0.0,2578.15
13:19:23.700,0.0,0.0,0.0,0.0,2578.15
13:19:23.800,0.0,0.0,0.0,0.0,2578.15
13:19:23.900,0.0,0.0,0.0,0.0,2578.15
13:19:24.000,0.0,0.0,0.0,0.0,2578.15
13:19:24.100,0.0,0.0,0.0,0.0,2578.15
13:19:24.200,0.0,0.0,0.0,0.0,2578.15
13:19:24.300,0.0,0.0,0.0,0.0,2578.15
13:19:24.400,0.0,0.0,0.0,0.0,2578.15
13:19:24.500,0.0,0.0,0.0,0.0,2578.15
13:19:24.600,0.0,0.0,0.0,0.0,2578.15
13:19:24.700,0.0,0.0,0.0,0.0,2578.15
13:19:24.800,0.0,0.0,0.0,0.0,2578.15
13:19:24.900,0.0,0.0,0.0,0.0,2578.15
13:19:25.000,0.0,0.0,0.0,0.0,2578.15
13:19:25.100,0.0,0.0,0.0,0.0,2578.15
13:19:25.200,0.0,0.0,0.0,0.0,2578.15
13:19:25.300,0.0,0.0,0.0,0.0,2578.15
13:19:25.400,0.0,0.0,0.0,0.0,2578.15
13:19:25.500,0.0,0.0,0.0,0.0,2578.15
13:19:25.600,0.0,0.0,0.0,0.0,2578.15
13:19:25.700,0.0,0.0,0.0,0.0,2578.15
13:19:25.800,0.0,0.0,0.0,0.0,2578.15
13:19:25.900,0.0,0.0,0.0,0.0,2578.15
13:19:26.000,0.0,0.0,0.0,0.0,2578.15
13:19:26.100,0.0,0.0,0.0,0.0,2578.15
13:19:26.200,0.0,0.0,0.0,0.0,2578.15
13:19:26.300,0.0,0.0,0.0,0.0,2578.15
13:19:26.400,0.0,0.0,0.0,0.0,2578.15
13:19:26.500,0.0,0.0,0.0,0.0,2578.15
13:19:26.600,0.0,0.0,0.0,0.0,2578.15
13:19:26.700,0.0,0.0,0.0,0.0,2578.15
13:19:26.800,0.0,0.0,0.0,0.0,2578.15
13:19:26.900,0.0,0.0,0.0,0.0,2578.15
13:19:27.000,0.0,0.0,0.0,0.0,2578.15
13:19:27.100,0.0,0.0,0.0,0.0,2578.15
13:19:27.200,0.0,0.0,0.0,0.0,2578.15
13:19:27.300,0.0,0.0,0.0,0.0,2578.15
13:19:27.400,0.0,0.0,0.0,0.0,2578.15
13:19:27.500,0.0,0.0,0.0,0.0,2578.15
13:19:27.600,0.0,0.0,0.0,0.0,2578.15
13:19:27.700,0.0,0.0,0.0,0.0,2578.15
13:19:27.800,0.0,0.0,0.0,0.0,2578.15
13:19:27.900,0.0,0.0,0.0,0.0,2578.15
13:19:28.000,0.0,0.0,0.0,0.0,2578.15
13:19:28.100,0.0,0.0,0.0,0.0,2578.15
13:19:28.200,0.0,0.0,0.0,0.0,2578.15
13:19:28.300,0.0,0.0,0.0,0.0,2578.15
13:19:28.400,0.0,0.0,0.0,0.0,2578.15
13:19:28.500,0.0,0.0,0.0,0.0,2578.15
13:19:28.600,0.0,0.0,0.0,0.0,2578.15
13:19:28.700,0.0,0.0,0.0,0.0,2578.15
13:19:28.800,0.0,0.0,0.0,0.0,2578.15
13:19:28.900,0.0,0.0,0.0,0.0,2578.15
13:19:29.000,0.0,0.0,0.0,0.0,2578.15
13:19:29.100,0.0,0.0,0.0,0.0,2578.15
13:19:29.200,0.0,0.0,0.0,0.0,2578.15
13:19:29.300,0.0,0.0,0.0,0.0,2578.15
13:19:29.400,0.0,0.0,0.0,0.0,2578.15
13:19:29.500,0.0,0.0,0.0,0.0,2578.15
13:19:29.600,0.0,0.0,0.0,0.0,2578.15
13:19:29.700,0.0,0.0,0.0,0.0,2578.15
13:19:29.800,0.0,0.0,0.0,0.0,2578.15
13:19:29.900,0.0,0.0,0.0,0.0,2578.15
13:19:30.000,0.0,0.0,0.0,0.0,2578.15
13:19:30.100,0.0,0.0,0.0,0.0,2578.15
13:19:30.200,0.0,0.0,0.0,0.0,2578.15
13:19:30.300,0.0,0.0,0.0,0.0,2578.15
13:19:30.400,0.0,0.0,0.0,0.0,2578.15
13:19:30.500,0.0,0.0,0.0,0.0,2578.15
13:19:30.600,0.0,0.0,0.0,0.0,2578.15
13:19:30.700,0.0,0.0,0.0,0.0,2578.15
13:19:30.800,0.0,0.0,0.0,0.0,2578.15
13:19:30.900,0.0,0.0,0.0,0.0,2578.15
13:19:31.000,0.0,0.0,0.0,0.0,2578.15
13:19:31.100,0.0,0.0,0.0,0.0,2578.15
13:19:31.200,0.0,0.0,0.0,0.0,2578.15
13:19:31.300,0.0,0.0,0.0,0.0,2578.15
13:19:31.400,0.0,0.0,0.0,0.0,2578.15
13:19:31.500,0.0,0.0,0.0,0.0,2578.15
13:19:31.600,0.0,0.0,0.0,0.0,2578.15
13:19:31.700,0.0,0.0,0.0,0.0,2578.15
13:19:31.800,0.0,0.0,0.0,0.0,2578.15
13:19:31.900,0.0,0.0,0.0,0.0,2578.15
13:19:32.000,0.0,0.0,0.0,0.0,2578.15
13:19:32.100,0.0,0.0,0.0,0.0,2578.15
13:19:32.200,0.0,0.0,0.0,0.0,2578.15
13:19:32.300,0.0,0.0,0.0,0.0,2578.15
13:19:32.400,0.0,0.0,0.0,0.0,2578.15
13:19:32.500,0.0,0.0,0.0,0.0,2578.15
13:19:32.600,0.0,0.0,0.0,0.0,2578.15
13:19:32.700,0.0,0.0,0.0,0.0,2578.15
13:19:32.800,0.0,0.0,0.0,0.0,2578.15
13:19:32.900,0.0,0.0,0.0,0.0,2578.15
13:19:33.000,0.0,0.0,0.0,0.0,2578.15
13:19:33.100,0.0,0.0,0.0,0.0,2578.15
13:19:33.200,0.0,0.0,0.0,0.0,2578.15
13:19:33.300,0.0,0.0,0.0,0.0,2578.15
13:19:33.400,0.0,0.0,0.0,0.0,2578.15
13:19:33.500,0.0,0.0,0.0,0.0,2578.15
13:19:33.600,0.0,0.0,0.0,0.0,2578.15
13:19:33.700,0.0,0.0,0.0,0.0,2578.15
13:19:33.800,0.0,0.0,0.0,0.0,2578.15
13:19:33.900,0.0,0.0,0.0,0.0,2578.15
13:19:34.000,0.0,0.0,0.0,0.0,2578.15
13:19:34.100,0.0,0.0,0.0,0.0,2578.15
13:19:34.200,0.0,0.0,0.0,0.0,2578.15
13:19:34.300,0.0,0.0,0.0,0.0,2578.15
13:19:34.400,0.0,0.0,0.0,0.0,2578.15
13:19:34.500,0.0,0.0,0.0,0.0,2578.15
13:19:34.600,0.0,0.0,0.0,0.0,2578.15
13:19:34.700,0.0,0.0,0.0,0.0,2578.15
13:19:34.800,0.0,0.0,0.0,0.0,2578.15
13:19:34.900,0.0,0.0,0.0,0.0,2578.15
13:19:35.000,0.0,0.0,0.0,0.0,2578.15
13:19:35.100,0.0,0.0,0.0,0.0,2578.15
13:19:35.200,0.0,0.0,0.0,0.0,2578.15
13:19:35.300,0.0,0.0,0.0,0.0,2578.15
13:19:35.400,0.0,0.0,0.0,0.0,2578.15
13:19:35.500,0.0,0.0,0.0,0.0,2578.15
13:19:35.600,0.0,0.0,0.0,0.0,2578.15
13:19:35.700,0.0,0.0,0.0,0.0,2578.15
13:19:35.800,0.0,0.0,0.0,0.0,2578.15
13:19:35.900,0.0,0.0,0.0,0.0,2578.15
13:19:36.000,0.0,0.0,0.0,0.0,2578.15
13:19:36.100,0.0,0.0,0.0,0.0,2578.15
13:19:36.200,0.0,0.0,0.0,0.0,2578.15
13:19:36.300,0.0,0.0,0.0,0.0,2578.15
13:19:36.400,0.0,0.0,0.0,0.0,2578.15
13:19:36.500,0.0,0.0,0.0,0.0,2578.15
13:19:36.600,0.0,0.0,0.0,0.0,2578.15
13:19:36.700,0.0,0.0,0.0,0.0,2578.15
13:19:36.800,0.0,0.0,0.0,0.0,2578.15
13:19:36.900,0.0,0.0,0.0,0.0,2578.15
13:19:37.000,0.0,0.0,0.0,0.0,2578.15
13:19:37.100,0.0,0.0,0.0,0.0,2578.15
13:19:37.200,0.0,0.0,0.0,0.0,2578.15
13:19:37.300,0.0,0.0,0.0,0.0,2578.15
13:19:37.400,0.0,0.0,0.0,0.0,2578.15
13:19:37.500,0.0,0.0,0.0,0.0,2578.15
13:19:37.600,0.0,0.0,0.0,0.0,2578.15
13:19:37.700,0.0,0.0,0.0,0.0,2578.15
13:19:37.800,0.0,0.0,0.0,0.0,2578.15
13:19:37.900,0.0,0.0,0.0,0.0,2578.15
13:19:38.000,0.0,0.0,0.0,0.0,2578.15
13:19:38.100,0.0,0.0,0.0,0.0,2578.15
13:19:38.200,0.0,0.0,0.0,0.0,2578.15
13:19:38.300,0.0,0.0,0.0,0.0,2578.15
13:19:38.400,0.0,0.0,0.0,0.0,2578.15
13:19:38.500,0.0,0.0,0.0,0.0,2578.15
13:19:38.600,0.0,0.0,0.0,0.0,2578.15
13:19:38.700,0.0,0.0,0.0,0.0,2578.15
13:19:38.800,0.0,0.0,0.0,0.0,2578.15
13:19:38.900,0.0,0.0,0.0,0.0,2578.15
13:19:39.000,0.0,0.0,0.0,0.0,2578.15
13:19:39.100,0.0,0.0,0.0,0.0,2578.15
13:19:39.200,0.0,0.0,0.0,0.0,2578.15
13:19:39.300,0.0,0.0,0.0,0.0,2578.15
13:19:39.400,0.0,0.0,0.0,0.0,2578.15
13:19:39.500,0.0,0.0,0.0,0.0,2578.15
13:19:39.600,0.0,0.0,0.0,0.0,2578.15
13:19:39.700,0.0,0.0,0.0,0.0,2578.15
13:19:39.800,0.0,0.0,0.0,0.0,2578.15
13:19:39.900,0.0,0.0,0.0,0.0,2578.15
13:19:40.000,0.0,0.0,0.0,0.0,2578.15
13:19:40.100,0.0,0.0,0.0,0.0,2578.15
13:19:40.200,0.0,0.0,0.0,0.0,2578.15
13:19:40.300,0.0,0.0,0.0,0.0,2578.15
13:19:40.400,0.0,0.0,0.0,0.0,2578.15
13:19:40.500,0.0,0.0,0.0,0.0,2578.15
13:19:40.600,0.0,0.0,0.0,0.0,2578.15
13:19:40.700,0.0,0.0,0.0,0.0,2578.15
13:19:40.800,0.0,0.0,0.0,0.0,2578.15
13:19:40.900,0.0,0.0,0.0,0.0,2578.15
13:19:41.000,0.0,0.0,0.0,0.0,2578.15
13:19:41.100,0.0,0.0,0.0,0.0,2578.15
13:19:41.200,0.0,0.0,0.0,0.0,2578.15
13:19:41.300,0.0,0.0,0.0,0.0,2578.15
13:19:41.400,0.0,0.0,0.0,0.0,2578.15
13:19:41.500,0.0,0.0,0.0,0.0,2578.15
13:19:41.600,0.0,0.0,0.0,0.0,2578.15
13:19:41.700,0.0,0.0,0.0,0.0,2578.15
13:19:41.800,0.0,0.0,0.0,0.0,2578.15
13:19:41.900,0.0,0.0,0.0,0.0,2578.15
13:19:42.000,0.0,0.0,0.0,0.0,2578.15
13:19:42.100,0.0,0.0,0.0,0.0,2578.15
13:19:42.200,0.0,0.0,0.0,0.0,2578.15
13:19:42.300,0.0,0.0,0.0,0.0,2578.15
13:19:42.400,0.0,0.0,0.0,0.0,2578.15
13:19:42.500,0.0,0.0,0.0,0.0,2578.15
13:19:42.600,0.0,0.0,0.0,0.0,2578.15
13:19:42.700,0.0,0.0,0.0,0.0,2578.15
13:19:42.800,0.0,0.0,0.0,0.0,2578.15
13:19:42.900,0.0,0.0,0.0,0.0,2578.15
13:19:43.000,0.0,0.0,0.0,0.0,2578.15
13:19:43.100,0.0,0.0,0.0,0.0,2578.15
13:19:43.200,0.0,0.0,0.0,0.0,2578.15
13:19:43.300,0.0,0.0,0.0,0.0,2578.15
13:19:43.400,0.0,0.0,0.0,0.0,2578.15
13:19:43.500,0.0,0.0,0.0,0.0,2578.15
13:19:43.600,0.0,0.0,0.0,0.0,2578.15
13:19:43.700,0.0,0.0,0.0,0.0,2578.15
13:19:43.800,0.0,0.0,0.0,0.0,2578.15
13:19:43.900,0.0,0.0,0.0,0.0,2578.15
13:19:44.000,0.0,0.0,0.0,0.0,2578.15
13:19:44.100,0.0,0.0,0.0,0.0,2578.15
13:19:44.200,0.0,0.0,0.0,0.0,2578.15
13:19:44.300,0.0,0.0,0.0,0.0,2578.15
13:19:44.400,0.0,0.0,0.0,0.0,2578.15
13:19:44.500,0.0,0.0,0.0,0.0,2578.15
13:19:44.600,0.0,0.0,0.0,0.0,2578.15
13:19:44.700,0.0,0.0,0.0,0.0,2578.15
13:19:44.800,0.0,0.0,0.0,0.0,2578.15
13:19:44.900,0.0,0.0,0.0,0.0,2578.15
13:19:45.000,0.0,0.0,0.0,0.0,2578.15
13:19:45.100,0.0,0.0,0.0,0.0,2578.15
13:19:45.200,0.0,0.0,0.0,0.0,2578.15
13:19:45.300,0.0,0.0,0.0,0.0,2578.15
13:19:45.400,0.0,0.0,0.0,0.0,2578.15
13:19:45.500,0.0,0.0,0.0,0.0,2578.15
13:19:45.600,0.0,0.0,0.0,0.0,2578.15
13:19:45.700,0.0,0.0,0.0,0.0,2578.15
13:19:45.800,0.0,0.0,0.0,0.0,2578.15
13:19:45.900,0.0,0.0,0.0,0.0,2578.15
13:19:46.000,0.0,0.0,0.0,0.0,2578.15
13:19:46.100,0.0,0.0,0.0,0.0,2578.15
13:19:46.200,0.0,0.0,0.0,0.0,2578.15
13:19:46.300,0.0,0.0,0.0,0.0,2578.15
13:19:46.400,0.0,0.0,0.0,0.0,2578.15
13:19:46.500,0.0,0.0,0.0,0.0,2578.15
13:19:46.600,0.0,0.0,0.0,0.0,2578.15
13:19:46.700,0.0,0.0,0.0,0.0,2578.15
13:19:46.800,0.0,0.0,0.0,0.0,2578.15
13:19:46.900,0.0,0.0,0.0,0.0,2578.15
13:19:47.000,0.0,0.0,0.0,0.0,2578.15
13:19:47.100,0.0,0.0,0.0,0.0,2578.15
13:19:47.200,0.0,0.0,0.0,0.0,2578.15
13:19:47.300,0.0,0.0,0.0,0.0,2578.15
13:19:47.400,0.0,0.0,0.0,0.0,2578.15
13:19:47.500,0.0,0.0,0.0,0.0,2578.15
13:19:47.600,0.0,0.0,0.0,0.0,2578.15
13:19:47.700,0.0,0.0,0.0,0.0,2578.15
13:19:47.800,0.0,0.0,0.0,0.0,2578.15
13:19:47.900,0.0,0.0,0.0,0.0,2578.15
13:19:48.000,0.0,0.0,0.0,0.0,2578.15
13:19:48.100,0.0,0.0,0.0,0.0,2578.15
13:19:48.200,0.0,0.0,0.0,0.0,2578.15
13:19:48.300,0.0,0.0,0.0,0.0,2578.15
13:19:48.400,0.0,0.0,0.0,0.0,2578.15
13:19:48.500,0.0,0.0,0.0,0.0,2578.15
13:19:48.600,0.0,0.0,0.0,0.0,2578.15
13:19:48.700,0.0,0.0,0.0,0.0,2578.15
13:19:48.800,0.0,0.0,0.0,0.0,2578.15
13:19:48.900,0.0,0.0,0.0,0.0,2578.15
13:19:49.000,0.0,0.0,0.0,0.0,2578.15
13:19:49.100,0.0,0.0,0.0,0.0,2578.15
13:19:49.200,0.0,0.0,0.0,0.0,2578.15
13:19:49.300,0.0,0.0,0.0,0.0,2578.15
13:19:49.400,0.0,0.0,0.0,0.0,2578.15
13:19:49.500,0.0,0.0,0.0,0.0,2578.15
13:19:49.600,0.0,0.0,0.0,0.0,2578.15
13:19:49.700,0.0,0.0,0.0,0.0,2578.15
13:19:49.800,0.0,0.0,0.0,0.0,2578.15
13:19:49.900,0.0,0.0,0.0,0.0,2578.15
13:19:50.000,0.0,0.0,0.0,0.0,2578.15
13:19:50.100,0.0,0.0,0.0,0.0,2578.15
13:19:50.200,0.0,0.0,0.0,0.0,2578.15
13:19:50.300,0.0,0.0,0.0,0.0,2578.15
13:19:50.400,0.0,0.0,0.0,0.0,2578.15
13:19:50.500,0.0,0.0,0.0,0.0,2578.15
13:19:50.600,0.0,0.0,0.0,0.0,2578.15
13:19:50.700,0.0,0.0,0.0,0.0,2578.15
13:19:50.800,0.0,0.0,0.0,0.0,2578.15
13:19:50.900,0.0,0.0,0.0,0.0,2578.15
13:19:51.000,0.0,0.0,0.0,0.0,2578.15
13:19:51.100,0.0,0.0,0.0,0.0,2578.15
13:19:51.200,0.0,0.0,0.0,0.0,2578.15
13:19:51.300,0.0,0.0,0.0,0.0,2578.15
13:19:51.400,0.0,0.0,0.0,0.0,2578.15
13:19:51.500,0.0,0.0,0.0,0.0,2578.15
13:19:51.600,0.0,0.0,0.0,0.0,2578.15
13:19:51.700,0.0,0.0,0.0,0.0,2578.15
13:19:51.800,0.0,0.0,0.0,0.0,2578.15
13:19:51.900,0.0,0.0,0.0,0.0,2578.15
13:19:52.000,0.0,0.0,0.0,0.0,2578.15
13:19:52.100,0.0,0.0,0.0,0.0,2578.15
13:19:52.200,0.0,0.0,0.0,0.0,2578.15
13:19:52.300,0.0,0.0,0.0,0.0,2578.15
13:19:52.400,0.0,0.0,0.0,0.0,2578.15
13:19:52.500,0.0,0.0,0.0,0.0,2578.15
13:19:52.600,0.0,0.0,0.0,0.0,2578.15
13:19:52.700,0.0,0.0,0.0,0.0,2578.15
13:19:52.800,0.0,0.0,0.0,0.0,2578.15
13:19:52.900,0.0,0.0,0.0,0.0,2578.15
13:19:53.000,0.0,0.0,0.0,0.0,2578.15
13:19:53.100,0.0,0.0,0.0,0.0,2578.15
13:19:53.200,0.0,0.0,0.0,0.0,2578.15
13:19:53.300,0.0,0.0,0.0,0.0,2578.15
13:19:53.400,0.0,0.0,0.0,0.0,2578.15
13:19:53.500,0.0,0.0,0.0,0.0,2578.15
13:19:53.600,0.0,0.0,0.0,0.0,2578.15
13:19:53.700,0.0,0.0,0.0,0.0,2578.15
13:19:53.800,0.0,0.0,0.0,0.0,2578.15
13:19:53.900,0.0,0.0,0.0,0.0,2578.15
13:19:54.000,0.0,0.0,0.0,0.0,2578.15
13:19:54.100,0.0,0.0,0.0,0.0,2578.15
13:19:54.200,0.0,0.0,0.0,0.0,2578.15
13:19:54.300,0.0,0.0,0.0,0.0,2578.15
13:19:54.400,0.0,0.0,0.0,0.0,2578.15
13:19:54.500,0.0,0.0,0.0,0.0,2578.15
13:19:54.600,0.0,0.0,0.0,0.0,2578.15
13:19:54.700,0.0,0.0,0.0,0.0,2578.15
13:19:54.800,0.0,0.0,0.0,0.0,2578.15
13:19:54.900,0.0,0.0,0.0,0.0,2578.15
13:19:55.000,0.0,0.0,0.0,0.0,2578.15
13:19:55.100,0.0,0.0,0.0,0.0,2578.15
13:19:55.200,0.0,0.0,0.0,0.0,2578.15
13:19:55.300,0.0,0.0,0.0,0.0,2578.15
13:19:55.400,0.0,0.0,0.0,0.0,2578.15
13:19:55.500,0.0,0.0,0.0,0.0,2578.15
13:19:55.600,0.0,0.0,0.0,0.0,2578.15
13:19:55.700,0.0,0.0,0.0,0.0,2578.15
13:19:55.800,0.0,0.0,0.0,0.0,2578.15
13:19:55.900,0.0,0.0,0.0,0.0,2578.15
13:19:56.000,0.0,0.0,0.0,0.0,2578.15
13:19:56.100,0.0,0.0,0.0,0.0,2578.15
13:19:56.200,0.0,0.0,0.0,0.0,2578.15
13:19:56.300,0.0,0.0,0.0,0.0,2578.15
13:19:56.400,0.0,0.0,0.0,0.0,2578.15
13:19:56.500,0.0,0.0,0.0,0.0,2578.15
13:19:56.600,0.0,0.0,0.0,0.0,2578.15
13:19:56.700,0.0,0.0,0.0,0.0,2578.15
13:19:56.800,0.0,0.0,0.0,0.0,2578.15
13:19:56.900,0.0,0.0,0.0,0.0,2578.15
13:19:57.000,0.0,0.0,0.0,0.0,2578.15
13:19:57.100,0.0,0.0,0.0,0.0,2578.15
13:19:57.200,0.0,0.0,0.0,0.0,2578.15
13:19:57.300,0.0,0.0,0.0,0.0,2578.15
13:19:57.400,0.0,0.0,0.0,0.0,2578.15
13:19:57.500,0.0,0.0,0.0,0.0,2578.15
13:19:57.600,0.0,0.0,0.0,0.0,2578.15
13:19:57.700,0.0,0.0,0.0,0.0,2578.15
13:19:57.800,0.0,0.0,0.0,0.0,2578.15
13:19:57.900,0.0,0.0,0.0,0.0,2578.15
13:19:58.000,0.0,0.0,0.0,0.0,2578.15
13:19:58.100,0.0,0.0,0.0,0.0,2578.15
13:19:58.200,0.0,0.0,0.0,0.0,2578.15
13:19:58.300,0.0,0.0,0.0,0.0,2578.15
13:19:58.400,0.0,0.0,0.0,0.0,2578.15
13:19:58.500,0.0,0.0,0.0,0.0,2578.15
13:19:58.600,0.0,0.0,0.0,0.0,2578.15
13:19:58.700,0.0,0.0,0.0,0.0,2578.15
13:19:58.800,0.0,0.0,0.0,0.0,2578.15
13:19:58.900,0.0,0.0,0.0,0.0,2578.15
13:19:59.000,0.0,0.0,0.0,0.0,2578.15
13:19:59.100,0.0,0.0,0.0,0.0,2578.15
13:19:59.200,0.0,0.0,0.0,0.0,2578.15
13:19:59.300,0.0,0.0,0.0,0.0,2578.15
13:19:59.400,0.0,0.0,0.0,0.0,2578.15
13:19:59.500,0.0,0.0,0.0,0.0,2578.15
13:19:59.600,0.0,0.0,0.0,0.0,2578.15
13:19:59.700,0.0,0.0,0.0,0.0,2578.15
13:19:59.800,0.0,0.0,0.0,0.0,2578.15
13:19:59.900,0.0,0.0,0.0,0.0,2578.15
13:20:00.000,0.0,0.0,0.0,0.0,2578.15
13:20:00.100,0.0,0.0,0.0,0.0,2578.15
13:20:00.200,0.0,0.0,0.0,0.0,2578.15
13:20:00.300,0.0,0.0,0.0,0.0,2578.15
13:20:00.400,0.0,0.0,0.0,0.0,2578.15
13:20:00.500,0.0,0.0,0.0,0.0,2578.15
13:20:00.600,0.0,0.0,0.0,0.0,2578.15
13:20:00.700,0.0,0.0,0.0,0.0,2578.15
13:20:00.800,0.0,0.0,0.0,0.0,2578.15
13:20:00.900,0.0,0.0,0.0,0.0,2578.15
13:20:01.000,0.0,0.0,0.0,0.0,2578.15
13:20:01.100,0.0,0.0,0.0,0.0,2578.15
13:20:01.200,0.0,0.0,0.0,0.0,2578.15
13:20:01.300,0.0,0.0,0.0,0.0,2578.15
13:20:01.400,0.0,0.0,0.0,0.0,2578.15
13:20:01.500,0.0,0.0,0.0,0.0,2578.15
13:20:01.600,0.0,0.0,0.0,0.0,2578.15
13:20:01.700,0.0,0.0,0.0,0.0,2578.15
13:20:01.800,0.0,0.0,0.0,0.0,2578.15
13:20:01.900,0.0,0.0,0.0,0.0,2578.15
13:20:02.000,0.0,0.0,0.0,0.0,2578.15
13:20:02.100,0.0,0.0,0.0,0.0,2578.15
13:20:02.200,0.0,0.0,0.0,0.0,2578.15
13:20:02.300,0.0,0.0,0.0,0.0,2578.15
13:20:02.400,0.0,0.0,0.0,0.0,2578.15
13:20:02.500,0.0,0.0,0.0,0.0,2578.15
13:20:02.600,0.0,0.0,0.0,0.0,2578.15
13:20:02.700,0.0,0.0,0.0,0.0,2578.15
13:20:02.800,0.0,0.0,0.0,0.0,2578.15
13:20:02.900,0.0,0.0,0.0,0.0,2578.15
13:20:03.000,0.0,0.0,0.0,0.0,2578.15
13:20:03.100,0.0,0.0,0.0,0.0,2578.15
13:20:03.200,0.0,0.0,0.0,0.0,2578.15
13:20:03.300,0.0,0.0,0.0,0.0,2578.15
13:20:03.400,0.0,0.0,0.0,0.0,2578.15
13:20:03.500,0.0,0.0,0.0,0.0,2578.15
13:20:03.600,0.0,0.0,0.0,0.0,2578.15
13:20:03.700,0.0,0.0,0.0,0.0,2578.15
13:20:03.800,0.0,0.0,0.0,0.0,2578.15
13:20:03.900,0.0,0.0,0.0,0.0,2578.15
13:20:04.000,0.0,0.0,0.0,0.0,2578.15
13:20:04.100,0.0,0.0,0.0,0.0,2578.15
13:20:04.200,0.0,0.0,0.0,0.0,2578.15
13:20:04.300,0.0,0.0,0.0,0.0,2578.15
13:20:04.400,0.0,0.0,0.0,0.0,2578.15
13:20:04.500,0.0,0.0,0.0,0.0,2578.15
13:20:04.600,0.0,0.0,0.0,0.0,2578.15
13:20:04.700,0.0,0.0,0.0,0.0,2578.15
13:20:04.800,0.0,0.0,0.0,0.0,2578.15
13:20:04.900,0.0,0.0,0.0,0.0,2578.15
13:20:05.000,0.0,0.0,0.0,0.0,2578.15
13:20:05.100,0.0,0.0,0.0,0.0,2578.15
13:20:05.200,0.0,0.0,0.0,0.0,2578.15
13:20:05.300,0.0,0.0,0.0,0.0,2578.15
13:20:05.400,0.0,0.0,0.0,0.0,2578.15
13:20:05.500,0.0,0.0,0.0,0.0,2578.15
13:20:05.600,0.0,0.0,0.0,0.0,2578.15
13:20:05.700,0.0,0.0,0.0,0.0,2578.15
13:20:05.800,0.0,0.0,0.0,0.0,2578.15
13:20:05.900,0.0,0.0,0.0,0.0,2578.15
13:20:06.000,0.0,0.0,0.0,0.0,2578.15
13:20:06.100,0.0,0.0,0.0,0.0,2578.15
13:20:06.200,0.0,0.0,0.0,0.0,2578.15
13:20:06.300,0.0,0.0,0.0,0.0,2578.15
13:20:06.400,0.0,0.0,0.0,0.0,2578.15
13:20:06.500,0.0,0.0,0.0,0.0,2578.15
13:20:06.600,0.0,0.0,0.0,0.0,2578.15
13:20:06.700,0.0,0.0,0.0,0.0,2578.15
13:20:06.800,0.0,0.0,0.0,0.0,2578.15
13:20:06.900,0.0,0.0,0.0,0.0,2578.15
13:20:07.000,0.0,0.0,0.0,0.0,2578.15
13:20:07.100,0.0,0.0,0.0,0.0,2578.15
13:20:07.200,0.0,0.0,0.0,0.0,2578.15
13:20:07.300,0.0,0.0,0.0,0.0,2578.15
13:20:07.400,0.0,0.0,0.0,0.0,2578.15
13:20:07.500,0.0,0.0,0.0,0.0,2578.15
13:20:07.600,0.0,0.0,0.0,0.0,2578.15
13:20:07.700,0.0,0.0,0.0,0.0,2578.15
13:20:07.800,0.0,0.0,0.0,0.0,2578.15
13:20:07.900,0.0,0.0,0.0,0.0,2578.15
13:20:08.000,0.0,0.0,0.0,0.0,2578.15
13:20:08.100,0.0,0.0,0.0,0.0,2578.15
13:20:08.200,0.0,0.0,0.0,0.0,2578.15
13:20:08.300,0.0,0.0,0.0,0.0,2578.15
13:20:08.400,0.0,0.0,0.0,0.0,2578.15
13:20:08.500,0.0,0.0,0.0,0.0,2578.15
13:20:08.600,0.0,0.0,0.0,0.0,2578.15
13:20:08.700,0.0,0.0,0.0,0.0,2578.15
13:20:08.800,0.0,0.0,0.0,0.0,2578.15
13:20:08.900,0.0,0.0,0.0,0.0,2578.15
13:20:09.000,0.0,0.0,0.0,0.0,2578.15
13:20:09.100,0.0,0.0,0.0,0.0,2578.15
13:20:09.200,0.0,0.0,0.0,0.0,2578.15
13:20:09.300,0.0,0.0,0.0,0.0,2578.15
13:20:09.400,0.0,0.0,0.0,0.0,2578.15
13:20:09.500,0.0,0.0,0.0,0.0,2578.15
13:20:09.600,0.0,0.0,0.0,0.0,2578.15
13:20:09.700,0.0,0.0,0.0,0.0,2578.15
13:20:09.800,0.0,0.0,0.0,0.0,2578.15
13:20:09.900,0.0,0.0,0.0,0.0,2578.15
13:20:10.000,0.0,0.0,0.0,0.0,2578.15
13:20:10.100,0.0,0.0,0.0,0.0,2578.15
13:20:10.200,0.0,0.0,0.0,0.0,2578.15
13:20:10.300,0.0,0.0,0.0,0.0,2578.15
13:20:10.400,0.0,0.0,0.0,0.0,2578.15
13:20:10.500,0.0,0.0,0.0,0.0,2578.15
13:20:10.600,0.0,0.0,0.0,0.0,2578.15
13:20:10.700,0.0,0.0,0.0,0.0,2578.15
13:20:10.800,0.0,0.0,0.0,0.0,2578.15
13:20:10.900,0.0,0.0,0.0,0.0,2578.15
13:20:11.000,0.0,0.0,0.0,0.0,2578.15
13:20:11.100,0.0,0.0,0.0,0.0,2578.15
13:20:11.200,0.0,0.0,0.0,0.0,2578.15
13:20:11.300,0.0,0.0,0.0,0.0,2578.15
13:20:11.400,0.0,0.0,0.0,0.0,2578.15
13:20:11.500,0.0,0.0,0.0,0.0,2578.15
13:20:11.600,0.0,0.0,0.0,0.0,2578.15
13:20:11.700,0.0,0.0,0.0,0.0,2578.15
13:20:11.800,0.0,0.0,0.0,0.0,2578.15
13:20:11.900,0.0,0.0,0.0,0.0,2578.15
13:20:12.000,0.0,0.0,0.0,0.0,2578.15
13:20:12.100,0.0,0.0,0.0,0.0,2578.15
13:20:12.200,0.0,0.0,0.0,0.0,2578.15
13:20:12.300,0.0,0.0,0.0,0.0,2578.15
13:20:12.400,0.0,0.0,0.0,0.0,2578.15
13:20:12.500,0.0,0.0,0.0,0.0,2578.15
13:20:12.600,0.0,0.0,0.0,0.0,2578.15
13:20:12.700,0.0,0.0,0.0,0.0,2578.15
13:20:12.800,0.0,0.0,0.0,0.0,2578.15
13:20:12.900,0.0,0.0,0.0,0.0,2578.15
13:20:13.000,0.0,0.0,0.0,0.0,2578.15
13:20:13.100,0.0,0.0,0.0,0.0,2578.15
13:20:13.200,0.0,0.0,0.0,0.0,2578.15
13:20:13.300,0.0,0.0,0.0,0.0,2578.15
13:20:13.400,0.0,0.0,0.0,0.0,2578.15
13:20:13.500,0.0,0.0,0.0,0.0,2578.15
13:20:13.600,0.0,0.0,0.0,0.0,2578.15
13:20:13.700,0.0,0.0,0.0,0.0,2578.15
13:20:13.800,0.0,0.0,0.0,0.0,2578.15
13:20:13.900,0.0,0.0,0.0,0.0,2578.15
13:20:14.000,0.0,0.0,0.0,0.0,2578.15
13:20:14.100,0.0,0.0,0.0,0.0,2578.15
13:20:14.200,0.0,0.0,0.0,0.0,2578.15
13:20:14.300,0.0,0.0,0.0,0.0,2578.15
13:20:14.400,0.0,0.0,0.0,0.0,2578.15
13:20:14.500,0.0,0.0,0.0,0.0,2578.15
13:20:14.600,0.0,0.0,0.0,0.0,2578.15
13:20:14.700,0.0,0.0,0.0,0.0,2578.15
13:20:14.800,0.0,0.0,0.0,0.0,2578.15
13:20:14.900,0.0,0.0,0.0,0.0,2578.15
13:20:15.000,0.0,0.0,0.0,0.0,2578.15
13:20:15.100,0.0,0.0,0.0,0.0,2578.15
13:20:15.200,0.0,0.0,0.0,0.0,2578.15
13:20:15.300,0.0,0.0,0.0,0.0,2578.15
13:20:15.400,0.0,0.0,0.0,0.0,2578.15
13:20:15.500,0.0,0.0,0.0,0.0,2578.15
13:20:15.600,0.0,0.0,0.0,0.0,2578.15
13:20:15.700,0.0,0.0,0.0,0.0,2578.15
13:20:15.800,0.0,0.0,0.0,0.0,2578.15
13:20:15.900,0.0,0.0,0.0,0.0,2578.15
13:20:16.000,0.0,0.0,0.0,0.0,2578.15
13:20:16.100,0.0,0.0,0.0,0.0,2578.15
13:20:16.200,0.0,0.0,0.0,0.0,2578.15
13:20:16.300,0.0,0.0,0.0,0.0,2578.15
13:20:16.400,0.0,0.0,0.0,0.0,2578.15
13:20:16.500,0.0,0.0,0.0,0.0,2578.15
13:20:16.600,0.0,0.0,0.0,0.0,2578.15
13:20:16.700,0.0,0.0,0.0,0.0,2578.15
13:20:16.800,0.0,0.0,0.0,0.0,2578.15
13:20:16.900,0.0,0.0,0.0,0.0,2578.15
13:20:17.000,0.0,0.0,0.0,0.0,2578.15
13:20:17.100,0.0,0.0,0.0,0.0,2578.15
13:20:17.200,0.0,0.0,0.0,0.0,2578.15
13:20:17.300,0.0,0.0,0.0,0.0,2578.15
13:20:17.400,0.0,0.0,0.0,0.0,2578.15
13:20:17.500,0.0,0.0,0.0,0.0,2578.15
13:20:17.600,0.0,0.0,0.0,0.0,2578.15
13:20:17.700,0.0,0.0,0.0,0.0,2578.15
13:20:17.800,0.0,0.0,0.0,0.0,2578.15
13:20:17.900,0.0,0.0,0.0,0.0,2578.15
13:20:18.000,0.0,0.0,0.0,0.0,2578.15
13:20:18.100,0.0,0.0,0.0,0.0,2578.15
13:20:18.200,0.0,0.0,0.0,0.0,2578.15
13:20:18.300,0.0,0.0,0.0,0.0,2578.15
13:20:18.400,0.0,0.0,0.0,0.0,2578.15
13:20:18.500,0.0,0.0,0.0,0.0,2578.15
13:20:18.600,0.0,0.0,0.0,0.0,2578.15
13:20:18.700,0.0,0.0,0.0,0.0,2578.15
13:20:18.800,0.0,0.0,0.0,0.0,2578.15
13:20:18.900,0.0,0.0,0.0,0.0,2578.15
13:20:19.000,0.0,0.0,0.0,0.0,2578.15
13:20:19.100,0.0,0.0,0.0,0.0,2578.15
13:20:19.200,0.0,0.0,0.0,0.0,2578.15
13:20:19.300,0.0,0.0,0.0,0.0,2578.15
13:20:19.400,0.0,0.0,0.0,0.0,2578.15
13:20:19.500,0.0,0.0,0.0,0.0,2578.15
13:20:19.600,0.0,0.0,0.0,0.0,2578.15
13:20:19.700,0.0,0.0,0.0,0.0,2578.15
13:20:19.800,0.0,0.0,0.0,0.0,2578.15
13:20:19.900,0.0,0.0,0.0,0.0,2578.15
13:20:20.000,0.0,0.0,0.0,0.0,2578.15
13:20:20.100,0.0,0.0,0.0,0.0,2578.15
13:20:20.200,0.0,0.0,0.0,0.0,2578.15
13:20:20.300,0.0,0.0,0.0,0.0,2578.15
13:20:20.400,0.0,0.0,0.0,0.0,2578.15
13:20:20.500,0.0,0.0,0.0,0.0,2578.15
13:20:20.600,0.0,0.0,0.0,0.0,2578.15
13:20:20.700,0.0,0.0,0.0,0.0,2578.15
13:20:20.800,0.0,0.0,0.0,0.0,2578.15
13:20:20.900,0.0,0.0,0.0,0.0,2578.15
13:20:21.000,0.0,0.0,0.0,0.0,2578.15
13:20:21.100,0.0,0.0,0.0,0.0,2578.15
13:20:21.200,0.0,0.0,0.0,0.0,2578.15
13:20:21.300,0.0,0.0,0.0,0.0,2578.15
13:20:21.400,0.0,0.0,0.0,0.0,2578.15
13:20:21.500,0.0,0.0,0.0,0.0,2578.15
13:20:21.600,0.0,0.0,0.0,0.0,2578.15
13:20:21.700,0.0,0.0,0.0,0.0,2578.15
13:20:21.800,0.0,0.0,0.0,0.0,2578.15
13:20:21.900,0.0,0.0,0.0,0.0,2578.15
13:20:22.000,0.0,0.0,0.0,0.0,2578.15
13:20:22.100,0.0,0.0,0.0,0.0,2578.15
13:20:22.200,0.0,0.0,0.0,0.0,2578.15
13:20:22.300,0.0,0.0,0.0,0.0,2578.15
13:20:22.400,0.0,0.0,0.0,0.0,2578.15
13:20:22.500,0.0,0.0,0.0,0.0,2578.15
13:20:22.600,0.0,0.0,0.0,0.0,2578.15
13:20:22.700,0.0,0.0,0.0,0.0,2578.15
13:20:22.800,0.0,0.0,0.0,0.0,2578.15
13:20:22.900,0.0,0.0,0.0,0.0,2578.15
13:20:23.000,0.0,0.0,0.0,0.0,2578.15
13:20:23.100,0.0,0.0,0.0,0.0,2578.15
13:20:23.200,0.0,0.0,0.0,0.0,2578.15
13:20:23.300,0.0,0.0,0.0,0.0,2578.15
13:20:23.400,0.0,0.0,0.0,0.0,2578.15
13:20:23.500,0.0,0.0,0.0,0.0,2578.15
13:20:23.600,0.0,0.0,0.0,0.0,2578.15
13:20:23.700,0.0,0.0,0.0,0.0,2578.15
13:20:23.800,0.0,0.0,0.0,0.0,2578.15
13:20:23.900,0.0,0.0,0.0,0.0,2578.15
13:20:24.000,0.0,0.0,0.0,0.0,2578.15
13:20:24.100,0.0,0.0,0.0,0.0,2578.15
13:20:24.200,0.0,0.0,0.0,0.0,2578.15
13:20:24.300,0.0,0.0,0.0,0.0,2578.15
13:20:24.400,0.0,0.0,0.0,0.0,2578.15
13:20:24.500,0.0,0.0,0.0,0.0,2578.15
13:20:24.600,0.0,0.0,0.0,0.0,2578.15
13:20:24.700,0.0,0.0,0.0,0.0,2578.15
13:20:24.800,0.0,0.0,0.0,0.0,2578.15
13:20:24.900,0.0,0.0,0.0,0.0,2578.15
13:20:25.000,0.0,0.0,0.0,0.0,2578.15
13:20:25.100,0.0,0.0,0.0,0.0,2578.15
13:20:25.200,0.0,0.0,0.0,0.0,2578.15
13:20:25.300,0.0,0.0,0.0,0.0,2578.15
13:20:25.400,0.0,0.0,0.0,0.0,2578.15
13:20:25.500,0.0,0.0,0.0,0.0,2578.15
13:20:25.600,0.0,0.0,0.0,0.0,2578.15
13:20:25.700,0.0,0.0,0.0,0.0,2578.15
13:20:25.800,0.0,0.0,0.0,0.0,2578.15
13:20:25.900,0.0,0.0,0.0,0.0,2578.15
13:20:26.000,0.0,0.0,0.0,0.0,2578.15
13:20:26.100,0.0,0.0,0.0,0.0,2578.15
13:20:26.200,0.0,0.0,0.0,0.0,2578.15
13:20:26.300,0.0,0.0,0.0,0.0,2578.15
13:20:26.400,0.0,0.0,0.0,0.0,2578.15
13:20:26.500,0.0,0.0,0.0,0.0,2578.15
13:20:26.600,0.0,0.0,0.0,0.0,2578.15
13:20:26.700,0.0,0.0,0.0,0.0,2578.15
13:20:26.800,0.0,0.0,0.0,0.0,2578.15
13:20:26.900,0.0,0.0,0.0,0.0,2578.15
13:20:27.000,0.0,0.0,0.0,0.0,2578.15
13:20:27.100,0.0,0.0,0.0,0.0,2578.15
13:20:27.200,0.0,0.0,0.0,0.0,2578.15
13:20:27.300,0.0,0.0,0.0,0.0,2578.15
13:20:27.400,0.0,0.0,0.0,0.0,2578.15
13:20:27.500,0.0,0.0,0.0,0.0,2578.15
13:20:27.600,0.0,0.0,0.0,0.0,2578.15
13:20:27.700,0.0,0.0,0.0,0.0,2578.15
13:20:27.800,0.0,0.0,0.0,0.0,2578.15
13:20:27.900,0.0,0.0,0.0,0.0,2578.15
13:20:28.000,0.0,0.0,0.0,0.0,2578.15
13:20:28.100,0.0,0.0,0.0,0.0,2578.15
13:20:28.200,0.0,0.0,0.0,0.0,2578.15
13:20:28.300,0.0,0.0,0.0,0.0,2578.15
13:20:28.400,0.0,0.0,0.0,0.0,2578.15
13:20:28.500,0.0,0.0,0.0,0.0,2578.15
13:20:28.600,0.0,0.0,0.0,0.0,2578.15
13:20:28.700,0.0,0.0,0.0,0.0,2578.15
13:20:28.800,0.0,0.0,0.0,0.0,2578.15
13:20:28.900,0.0,0.0,0.0,0.0,2578.15
13:20:29.000,0.0,0.0,0.0,0.0,2578.15
13:20:29.100,0.0,0.0,0.0,0.0,2578.15
13:20:29.200,0.0,0.0,0.0,0.0,2578.15
13:20:29.300,0.0,0.0,0.0,0.0,2578.15
13:20:29.400,0.0,0.0,0.0,0.0,2578.15
13:20:29.500,0.0,0.0,0.0,0.0,2578.15
13:20:29.600,0.0,0.0,0.0,0.0,2578.15
13:20:29.700,0.0,0.0,0.0,0.0,2578.15
13:20:29.800,0.0,0.0,0.0,0.0,2578.15
13:20:29.900,0.0,0.0,0.0,0.0,2578.15
13:20:30.000,0.0,0.0,0.0,0.0,2578.15
13:20:30.100,0.0,0.0,0.0,0.0,2578.15
13:20:30.200,0.0,0.0,0.0,0.0,2578.15
13:20:30.300,0.0,0.0,0.0,0.0,2578.15
13:20:30.400,0.0,0.0,0.0,0.0,2578.15
13:20:30.500,0.0,0.0,0.0,0.0,2578.15
13:20:30.600,0.0,0.0,0.0,0.0,2578.15
13:20:30.700,0.0,0.0,0.0,0.0,2578.15
13:20:30.800,0.0,0.0,0.0,0.0,2578.15
13:20:30.900,0.0,0.0,0.0,0.0,2578.15
13:20:31.000,0.0,0.0,0.0,0.0,2578.15
13:20:31.100,0.0,0.0,0.0,0.0,2578.15
13:20:31.200,0.0,0.0,0.0,0.0,2578.15
13:20:31.300,0.0,0.0,0.0,0.0,2578.15
13:20:31.400,0.0,0.0,0.0,0.0,2578.15
13:20:31.500,0.0,0.0,0.0,0.0,2578.15
13:20:31.600,0.0,0.0,0.0,0.0,2578.15
13:20:31.700,0.0,0.0,0.0,0.0,2578.15
13:20:31.800,0.0,0.0,0.0,0.0,2578.15
13:20:31.900,0.0,0.0,0.0,0.0,2578.15
13:20:32.000,0.0,0.0,0.0,0.0,2578.15
13:20:32.100,0.0,0.0,0.0,0.0,2578.15
13:20:32.200,0.0,0.0,0.0,0.0,2578.15
13:20:32.300,0.0,0.0,0.0,0.0,2578.15
13:20:32.400,0.0,0.0,0.0,0.0,2578.15
13:20:32.500,0.0,0.0,0.0,0.0,2578.15
13:20:32.600,0.0,0.0,0.0,0.0,2578.15
13:20:32.700,0.0,0.0,0.0,0.0,2578.15
13:20:32.800,0.0,0.0,0.0,0.0,2578.15
13:20:32.900,0.0,0.0,0.0,0.0,2578.15
13:20:33.000,0.0,0.0,0.0,0.0,2578.15
13:20:33.100,0.0,0.0,0.0,0.0,2578.15
13:20:33.200,0.0,0.0,0.0,0.0,2578.15
13:20:33.300,0.0,0.0,0.0,0.0,2578.15
13:20:33.400,0.0,0.0,0.0,0.0,2578.15
13:20:33.500,0.0,0.0,0.0,0.0,2578.15
13:20:33.600,0.0,0.0,0.0,0.0,2578.15
13:20:33.700,0.0,0.0,0.0,0.0,2578.15
13:20:33.800,0.0,0.0,0.0,0.0,2578.15
13:20:33.900,0.0,0.0,0.0,0.0,2578.15
13:20:34.000,0.0,0.0,0.0,0.0,2578.15
13:20:34.100,0.0,0.0,0.0,0.0,2578.15
13:20:34.200,0.0,0.0,0.0,0.0,2578.15
13:20:34.300,0.0,0.0,0.0,0.0,2578.15
13:20:34.400,0.0,0.0,0.0,0.0,2578.15
13:20:34.500,0.0,0.0,0.0,0.0,2578.15
13:20:34.600,0.0,0.0,0.0,0.0,2578.15
13:20:34.700,0.0,0.0,0.0,0.0,2578.15
13:20:34.800,0.0,0.0,0.0,0.0,2578.15
13:20:34.900,0.0,0.0,0.0,0.0,2578.15
13:20:35.000,0.0,0.0,0.0,0.0,2578.15
13:20:35.100,0.0,0.0,0.0,0.0,2578.15
13:20:35.200,0.0,0.0,0.0,0.0,2578.15
13:20:35.300,0.0,0.0,0.0,0.0,2578.15
13:20:35.400,0.0,0.0,0.0,0.0,2578.15
13:20:35.500,0.0,0.0,0.0,0.0,2578.15
13:20:35.600,0.0,0.0,0.0,0.0,2578.15
13:20:35.700,0.0,0.0,0.0,0.0,2578.15
13:20:35.800,0.0,0.0,0.0,0.0,2578.15
13:20:35.900,0.0,0.0,0.0,0.0,2578.15
13:20:36.000,0.0,0.0,0.0,0.0,2578.15
13:20:36.100,0.0,0.0,0.0,0.0,2578.15
13:20:36.200,0.0,0.0,0.0,0.0,2578.15
13:20:36.300,0.0,0.0,0.0,0.0,2578.15
13:20:36.400,0.0,0.0,0.0,0.0,2578.15
13:20:36.500,0.0,0.0,0.0,0.0,2578.15
13:20:36.600,0.0,0.0,0.0,0.0,2578.15
13:20:36.700,0.0,0.0,0.0,0.0,2578.15
13:20:36.800,0.0,0.0,0.0,0.0,2578.15
13:20:36.900,0.0,0.0,0.0,0.0,2578.15
13:20:37.000,0.0,0.0,0.0,0.0,2578.15
13:20:37.100,0.0,0.0,0.0,0.0,2578.15
13:20:37.200,0.0,0.0,0.0,0.0,2578.15
13:20:37.300,0.0,0.0,0.0,0.0,2578.15
13:20:37.400,0.0,0.0,0.0,0.0,2578.15
13:20:37.500,0.0,0.0,0.0,0.0,2578.15
13:20:37.600,0.0,0.0,0.0,0.0,2578.15
13:20:37.700,0.0,0.0,0.0,0.0,2578.15
13:20:37.800,0.0,0.0,0.0,0.0,2578.15
13:20:37.900,0.0,0.0,0.0,0.0,2578.15
13:20:38.000,0.0,0.0,0.0,0.0,2578.15
13:20:38.100,0.0,0.0,0.0,0.0,2578.15
13:20:38.200,0.0,0.0,0.0,0.0,2578.15
13:20:38.300,0.0,0.0,0.0,0.0,2578.15
13:20:38.400,0.0,0.0,0.0,0.0,2578.15
13:20:38.500,0.0,0.0,0.0,0.0,2578.15
13:20:38.600,0.0,0.0,0.0,0.0,2578.15
13:20:38.700,0.0,0.0,0.0,0.0,2578.15
13:20:38.800,0.0,0.0,0.0,0.0,2578.15
13:20:38.900,0.0,0.0,0.0,0.0,2578.15
13:20:39.000,0.0,0.0,0.0,0.0,2578.15
13:20:39.100,0.0,0.0,0.0,0.0,2578.15
13:20:39.200,0.0,0.0,0.0,0.0,2578.15
13:20:39.300,0.0,0.0,0.0,0.0,2578.15
13:20:39.400,0.0,0.0,0.0,0.0,2578.15
13:20:39.500,0.0,0.0,0.0,0.0,2578.15
13:20:39.600,0.0,0.0,0.0,0.0,2578.15
13:20:39.700,0.0,0.0,0.0,0.0,2578.15
13:20:39.800,0.0,0.0,0.0,0.0,2578.15
13:20:39.900,0.0,0.0,0.0,0.0,2578.15
13:20:40.000,0.0,0.0,0.0,0.0,2578.15
13:20:40.100,0.0,0.0,0.0,0.0,2578.15
13:20:40.200,0.0,0.0,0.0,0.0,2578.15
13:20:40.300,0.0,0.0,0.0,0.0,2578.15
13:20:40.400,0.0,0.0,0.0,0.0,2578.15
13:20:40.500,0.0,0.0,0.0,0.0,2578.15
13:20:40.600,0.0,0.0,0.0,0.0,2578.15
13:20:40.700,0.0,0.0,0.0,0.0,2578.15
13:20:40.800,0.0,0.0,0.0,0.0,2578.15
13:20:40.900,0.0,0.0,0.0,0.0,2578.15
13:20:41.000,0.0,0.0,0.0,0.0,2578.15
13:20:41.100,0.0,0.0,0.0,0.0,2578.15
13:20:41.200,0.0,0.0,0.0,0.0,2578.15
13:20:41.300,0.0,0.0,0.0,0.0,2578.15
13:20:41.400,0.0,0.0,0.0,0.0,2578.15
13:20:41.500,0.0,0.0,0.0,0.0,2578.15
13:20:41.600,0.0,0.0,0.0,0.0,2578.15
13:20:41.700,0.0,0.0,0.0,0.0,2578.15
13:20:41.800,0.0,0.0,0.0,0.0,2578.15
13:20:41.900,0.0,0.0,0.0,0.0,2578.15
13:20:42.000,0.0,0.0,0.0,0.0,2578.15
13:20:42.100,0.0,0.0,0.0,0.0,2578.15
13:20:42.200,0.0,0.0,0.0,0.0,2578.15
13:20:42.300,0.0,0.0,0.0,0.0,2578.15
13:20:42.400,0.0,0.0,0.0,0.0,2578.15
13:20:42.500,0.0,0.0,0.0,0.0,2578.15
13:20:42.600,0.0,0.0,0.0,0.0,2578.15
13:20:42.700,0.0,0.0,0.0,0.0,2578.15
13:20:42.800,0.0,0.0,0.0,0.0,2578.15
13:20:42.900,0.0,0.0,0.0,0.0,2578.15
13:20:43.000,0.0,0.0,0.0,0.0,2578.15
13:20:43.100,0.0,0.0,0.0,0.0,2578.15
13:20:43.200,0.0,0.0,0.0,0.0,2578.15
13:20:43.300,0.0,0.0,0.0,0.0,2578.15
13:20:43.400,0.0,0.0,0.0,0.0,2578.15
13:20:43.500,0.0,0.0,0.0,0.0,2578.15
13:20:43.600,0.0,0.0,0.0,0.0,2578.15
13:20:43.700,0.0,0.0,0.0,0.0,2578.15
13:20:43.800,0.0,0.0,0.0,0.0,2578.15
13:20:43.900,0.0,0.0,0.0,0.0,2578.15
13:20:44.000,0.0,0.0,0.0,0.0,2578.15
13:20:44.100,0.0,0.0,0.0,0.0,2578.15
13:20:44.200,0.0,0.0,0.0,0.0,2578.15
13:20:44.300,0.0,0.0,0.0,0.0,2578.15
13:20:44.400,0.0,0.0,0.0,0.0,2578.15
13:20:44.500,0.0,0.0,0.0,0.0,2578.15
13:20:44.600,0.0,0.0,0.0,0.0,2578.15
13:20:44.700,0.0,0.0,0.0,0.0,2578.15
13:20:44.800,0.0,0.0,0.0,0.0,2578.15
13:20:44.900,0.0,0.0,0.0,0.0,2578.15
13:20:45.000,0.0,0.0,0.0,0.0,2578.15
13:20:45.100,0.0,0.0,0.0,0.0,2578.15
13:20:45.200,0.0,0.0,0.0,0.0,2578.15
13:20:45.300,0.0,0.0,0.0,0.0,2578.15
13:20:45.400,0.0,0.0,0.0,0.0,2578.15
13:20:45.500,0.0,0.0,0.0,0.0,2578.15
13:20:45.600,0.0,0.0,0.0,0.0,2578.15
13:20:45.700,0.0,0.0,0.0,0.0,2578.15
13:20:45.800,0.0,0.0,0.0,0.0,2578.15
13:20:45.900,0.0,0.0,0.0,0.0,2578.15
13:20:46.000,0.0,0.0,0.0,0.0,2578.15
13:20:46.100,0.0,0.0,0.0,0.0,2578.15
13:20:46.200,0.0,0.0,0.0,0.0,2578.15
13:20:46.300,0.0,0.0,0.0,0.0,2578.15
13:20:46.400,0.0,0.0,0.0,0.0,2578.15
13:20:46.500,0.0,0.0,0.0,0.0,2578.15
13:20:46.600,0.0,0.0,0.0,0.0,2578.15
13:20:46.700,0.0,0.0,0.0,0.0,2578.15
13:20:46.800,0.0,0.0,0.0,0.0,2578.15
13:20:46.900,0.0,0.0,0.0,0.0,2578.15
13:20:47.000,0.0,0.0,0.0,0.0,2578.15
13:20:47.100,0.0,0.0,0.0,0.0,2578.15
13:20:47.200,0.0,0.0,0.0,0.0,2578.15
13:20:47.300,0.0,0.0,0.0,0.0,2578.15
13:20:47.400,0.0,0.0,0.0,0.0,2578.15
13:20:47.500,0.0,0.0,0.0,0.0,2578.15
13:20:47.600,0.0,0.0,0.0,0.0,2578.15
13:20:47.700,0.0,0.0,0.0,0.0,2578.15
13:20:47.800,0.0,0.0,0.0,0.0,2578.15
13:20:47.900,0.0,0.0,0.0,0.0,2578.15
13:20:48.000,0.0,0.0,0.0,0.0,2578.15
13:20:48.100,0.0,0.0,0.0,0.0,2578.15
13:20:48.200,0.0,0.0,0.0,0.0,2578.15
13:20:48.300,0.0,0.0,0.0,0.0,2578.15
13:20:48.400,0.0,0.0,0.0,0.0,2578.15
13:20:48.500,0.0,0.0,0.0,0.0,2578.15
13:20:48.600,0.0,0.0,0.0,0.0,2578.15
13:20:48.700,0.0,0.0,0.0,0.0,2578.15
13:20:48.800,0.0,0.0,0.0,0.0,2578.15
13:20:48.900,0.0,0.0,0.0,0.0,2578.15
13:20:49.000,0.0,0.0,0.0,0.0,2578.15
13:20:49.100,0.0,0.0,0.0,0.0,2578.15
13:20:49.200,0.0,0.0,0.0,0.0,2578.15
13:20:49.300,0.0,0.0,0.0,0.0,2578.15
13:20:49.400,0.0,0.0,0.0,0.0,2578.15
13:20:49.500,0.0,0.0,0.0,0.0,2578.15
13:20:49.600,0.0,0.0,0.0,0.0,2578.15
13:20:49.700,0.0,0.0,0.0,0.0,2578.15
13:20:49.800,0.0,0.0,0.0,0.0,2578.15
13:20:49.900,0.0,0.0,0.0,0.0,2578.15
13:20:50.000,0.0,0.0,0.0,0.0,2578.15
13:20:50.100,0.0,0.0,0.0,0.0,2578.15
13:20:50.200,0.0,0.0,0.0,0.0,2578.15
13:20:50.300,0.0,0.0,0.0,0.0,2578.15
13:20:50.400,0.0,0.0,0.0,0.0,2578.15
13:20:50.500,0.0,0.0,0.0,0.0,2578.15
13:20:50.600,0.0,0.0,0.0,0.0,2578.15
13:20:50.700,0.0,0.0,0.0,0.0,2578.15
13:20:50.800,0.0,0.0,0.0,0.0,2578.15
13:20:50.900,0.0,0.0,0.0,0.0,2578.15
13:20:51.000,0.0,0.0,0.0,0.0,2578.15
13:20:51.100,0.0,0.0,0.0,0.0,2578.15
13:20:51.200,0.0,0.0,0.0,0.0,2578.15
13:20:51.300,0.0,0.0,0.0,0.0,2578.15
13:20:51.400,0.0,0.0,0.0,0.0,2578.15
13:20:51.500,0.0,0.0,0.0,0.0,2578.15
13:20:51.600,0.0,0.0,0.0,0.0,2578.15
13:20:51.700,0.0,0.0,0.0,0.0,2578.15
13:20:51.800,0.0,0.0,0.0,0.0,2578.15
13:20:51.900,0.0,0.0,0.0,0.0,2578.15
13:20:52.000,0.0,0.0,0.0,0.0,2578.15
13:20:52.100,0.0,0.0,0.0,0.0,2578.15
13:20:52.200,0.0,0.0,0.0,0.0,2578.15
13:20:52.300,0.0,0.0,0.0,0.0,2578.15
13:20:52.400,0.0,0.0,0.0,0.0,2578.15
13:20:52.500,0.0,0.0,0.0,0.0,2578.15
13:20:52.600,0.0,0.0,0.0,0.0,2578.15
13:20:52.700,0.0,0.0,0.0,0.0,2578.15
13:20:52.800,0.0,0.0,0.0,0.0,2578.15
13:20:52.900,0.0,0.0,0.0,0.0,2578.15
13:20:53.000,0.0,0.0,0.0,0.0,2578.15
13:20:53.100,0.0,0.0,0.0,0.0,2578.15
13:20:53.200,0.0,0.0,0.0,0.0,2578.15
13:20:53.300,0.0,0.0,0.0,0.0,2578.15
13:20:53.400,0.0,0.0,0.0,0.0,2578.15
13:20:53.500,0.0,0.0,0.0,0.0,2578.15
13:20:53.600,0.0,0.0,0.0,0.0,2578.15
13:20:53.700,0.0,0.0,0.0,0.0,2578.15
13:20:53.800,0.0,0.0,0.0,0.0,2578.15
13:20:53.900,0.0,0.0,0.0,0.0,2578.15
13:20:54.000,0.0,0.0,0.0,0.0,2578.15
13:20:54.100,0.0,0.0,0.0,0.0,2578.15
13:20:54.200,0.0,0.0,0.0,0.0,2578.15
13:20:54.300,0.0,0.0,0.0,0.0,2578.15
13:20:54.400,0.0,0.0,0.0,0.0,2578.15
13:20:54.500,0.0,0.0,0.0,0.0,2578.15
13:20:54.600,0.0,0.0,0.0,0.0,2578.15
13:20:54.700,0.0,0.0,0.0,0.0,2578.15
13:20:54.800,0.0,0.0,0.0,0.0,2578.15
13:20:54.900,0.0,0.0,0.0,0.0,2578.15
13:20:55.000,0.0,0.0,0.0,0.0,2578.15
13:20:55.100,0.0,0.0,0.0,0.0,2578.15
13:20:55.200,0.0,0.0,0.0,0.0,2578.15
13:20:55.300,0.0,0.0,0.0,0.0,2578.15
13:20:55.400,0.0,0.0,0.0,0.0,2578.15
13:20:55.500,0.0,0.0,0.0,0.0,2578.15
13:20:55.600,0.0,0.0,0.0,0.0,2578.15
13:20:55.700,0.0,0.0,0.0,0.0,2578.15
13:20:55.800,0.0,0.0,0.0,0.0,2578.15
13:20:55.900,0.0,0.0,0.0,0.0,2578.15
13:20:56.000,0.0,0.0,0.0,0.0,2578.15
13:20:56.100,0.0,0.0,0.0,0.0,2578.15
13:20:56.200,0.0,0.0,0.0,0.0,2578.15
13:20:56.300,0.0,0.0,0.0,0.0,2578.15
13:20:56.400,0.0,0.0,0.0,0.0,2578.15
13:20:56.500,0.0,0.0,0.0,0.0,2578.15
13:20:56.600,0.0,0.0,0.0,0.0,2578.15
13:20:56.700,0.0,0.0,0.0,0.0,2578.15
13:20:56.800,0.0,0.0,0.0,0.0,2578.15
13:20:56.900,0.0,0.0,0.0,0.0,2578.15
13:20:57.000,0.0,0.0,0.0,0.0,2578.15
13:20:57.100,0.0,0.0,0.0,0.0,2578.15
13:20:57.200,0.0,0.0,0.0,0.0,2578.15
13:20:57.300,0.0,0.0,0.0,0.0,2578.15
13:20:57.400,0.0,0.0,0.0,0.0,2578.15
13:20:57.500,0.0,0.0,0.0,0.0,2578.15
13:20:57.600,0.0,0.0,0.0,0.0,2578.15
13:20:57.700,0.0,0.0,0.0,0.0,2578.15
13:20:57.800,0.0,0.0,0.0,0.0,2578.15
13:20:57.900,0.0,0.0,0.0,0.0,2578.15
13:20:58.000,0.0,0.0,0.0,0.0,2578.15
13:20:58.100,0.0,0.0,0.0,0.0,2578.15
13:20:58.200,0.0,0.0,0.0,0.0,2578.15
13:20:58.300,0.0,0.0,0.0,0.0,2578.15
13:20:58.400,0.0,0.0,0.0,0.0,2578.15
13:20:58.500,0.0,0.0,0.0,0.0,2578.15
13:20:58.600,0.0,0.0,0.0,0.0,2578.15
13:20:58.700,0.0,0.0,0.0,0.0,2578.15
13:20:58.800,0.0,0.0,0.0,0.0,2578.15
13:20:58.900,0.0,0.0,0.0,0.0,2578.15
13:20:59.000,0.0,0.0,0.0,0.0,2578.15
13:20:59.100,0.0,0.0,0.0,0.0,2578.15
13:20:59.200,0.0,0.0,0.0,0.0,2578.15
13:20:59.300,0.0,0.0,0.0,0.0,2578.15
13:20:59.400,0.0,0.0,0.0,0.0,2578.15
13:20:59.500,0.0,0.0,0.0,0.0,2578.15
13:20:59.600,0.0,0.0,0.0,0.0,2578.15
13:20:59.700,0.0,0.0,0.0,0.0,2578.15
13:20:59.800,0.0,0.0,0.0,0.0,2578.15
13:20:59.900,0.0,0.0,0.0,0.0,2578.15
13:21:00.000,0.0,0.0,0.0,0.0,2578.15
13:21:00.100,0.0,0.0,0.0,0.0,2578.15
13:21:00.200,0.0,0.0,0.0,0.0,2578.15
13:21:00.300,0.0,0.0,0.0,0.0,2578.15
13:21:00.400,0.0,0.0,0.0,0.0,2578.15
13:21:00.500,0.0,0.0,0.0,0.0,2578.15
13:21:00.600,0.0,0.0,0.0,0.0,2578.15
13:21:00.700,0.0,0.0,0.0,0.0,2578.15
13:21:00.800,0.0,0.0,0.0,0.0,2578.15
13:21:00.900,0.0,0.0,0.0,0.0,2578.15
13:21:01.000,0.0,0.0,0.0,0.0,2578.15
13:21:01.100,0.0,0.0,0.0,0.0,2578.15
13:21:01.200,0.0,0.0,0.0,0.0,2578.15
13:21:01.300,0.0,0.0,0.0,0.0,2578.15
13:21:01.400,0.0,0.0,0.0,0.0,2578.15
13:21:01.500,0.0,0.0,0.0,0.0,2578.15
13:21:01.600,0.0,0.0,0.0,0.0,2578.15
13:21:01.700,0.0,0.0,0.0,0.0,2578.15
13:21:01.800,0.0,0.0,0.0,0.0,2578.15
13:21:01.900,0.0,0.0,0.0,0.0,2578.15
13:21:02.000,0.0,0.0,0.0,0.0,2578.15
13:21:02.100,0.0,0.0,0.0,0.0,2578.15
13:21:02.200,0.0,0.0,0.0,0.0,2578.15
13:21:02.300,0.0,0.0,0.0,0.0,2578.15
13:21:02.400,0.0,0.0,0.0,0.0,2578.15
13:21:02.500,0.0,0.0,0.0,0.0,2578.15
13:21:02.600,0.0,0.0,0.0,0.0,2578.15
13:21:02.700,0.0,0.0,0.0,0.0,2578.15
13:21:02.800,0.0,0.0,0.0,0.0,2578.15
13:21:02.900,0.0,0.0,0.0,0.0,2578.15
13:21:03.000,0.0,0.0,0.0,0.0,2578.15
13:21:03.100,0.0,0.0,0.0,0.0,2578.15
13:21:03.200,0.0,0.0,0.0,0.0,2578.15
13:21:03.300,0.0,0.0,0.0,0.0,2578.15
13:21:03.400,0.0,0.0,0.0,0.0,2578.15
13:21:03.500,0.0,0.0,0.0,0.0,2578.15
13:21:03.600,0.0,0.0,0.0,0.0,2578.15
13:21:03.700,0.0,0.0,0.0,0.0,2578.15
13:21:03.800,0.0,0.0,0.0,0.0,2578.15
13:21:03.900,0.0,0.0,0.0,0.0,2578.15
13:21:04.000,0.0,0.0,0.0,0.0,2578.15
13:21:04.100,0.0,0.0,0.0,0.0,2578.15
13:21:04.200,0.0,0.0,0.0,0.0,2578.15
13:21:04.300,0.0,0.0,0.0,0.0,2578.15
13:21:04.400,0.0,0.0,0.0,0.0,2578.15
13:21:04.500,0.0,0.0,0.0,0.0,2578.15
13:21:04.600,0.0,0.0,0.0,0.0,2578.15
13:21:04.700,0.0,0.0,0.0,0.0,2578.15
13:21:04.800,0.0,0.0,0.0,0.0,2578.15
13:21:04.900,0.0,0.0,0.0,0.0,2578.15
13:21:05.000,0.0,0.0,0.0,0.0,2578.15
13:21:05.100,0.0,0.0,0.0,0.0,2578.15
13:21:05.200,0.0,0.0,0.0,0.0,2578.15
13:21:05.300,0.0,0.0,0.0,0.0,2578.15
13:21:05.400,0.0,0.0,0.0,0.0,2578.15
13:21:05.500,0.0,0.0,0.0,0.0,2578.15
13:21:05.600,0.0,0.0,0.0,0.0,2578.15
13:21:05.700,0.0,0.0,0.0,0.0,2578.15
13:21:05.800,0.0,0.0,0.0,0.0,2578.15
13:21:05.900,0.0,0.0,0.0,0.0,2578.15
13:21:06.000,0.0,0.0,0.0,0.0,2578.15
13:21:06.100,0.0,0.0,0.0,0.0,2578.15
13:21:06.200,0.0,0.0,0.0,0.0,2578.15
13:21:06.300,0.0,0.0,0.0,0.0,2578.15
13:21:06.400,0.0,0.0,0.0,0.0,2578.15
13:21:06.500,0.0,0.0,0.0,0.0,2578.15
13:21:06.600,0.0,0.0,0.0,0.0,2578.15
13:21:06.700,0.0,0.0,0.0,0.0,2578.15
13:21:06.800,0.0,0.0,0.0,0.0,2578.15
13:21:06.900,0.0,0.0,0.0,0.0,2578.15
13:21:07.000,0.0,0.0,0.0,0.0,2578.15
13:21:07.100,0.0,0.0,0.0,0.0,2578.15
13:21:07.200,0.0,0.0,0.0,0.0,2578.15
13:21:07.300,0.0,0.0,0.0,0.0,2578.15
13:21:07.400,0.0,0.0,0.0,0.0,2578.15
13:21:07.500,0.0,0.0,0.0,0.0,2578.15
13:21:07.600,0.0,0.0,0.0,0.0,2578.15
13:21:07.700,0.0,0.0,0.0,0.0,2578.15
13:21:07.800,0.0,0.0,0.0,0.0,2578.15
13:21:07.900,0.0,0.0,0.0,0.0,2578.15
13:21:08.000,0.0,0.0,0.0,0.0,2578.15
13:21:08.100,0.0,0.0,0.0,0.0,2578.15
13:21:08.200,0.0,0.0,0.0,0.0,2578.15
13:21:08.300,0.0,0.0,0.0,0.0,2578.15
13:21:08.400,0.0,0.0,0.0,0.0,2578.15
13:21:08.500,0.0,0.0,0.0,0.0,2578.15
13:21:08.600,0.0,0.0,0.0,0.0,2578.15
13:21:08.700,0.0,0.0,0.0,0.0,2578.15
13:21:08.800,0.0,0.0,0.0,0.0,2578.15
13:21:08.900,0.0,0.0,0.0,0.0,2578.15
13:21:09.000,0.0,0.0,0.0,0.0,2578.15
13:21:09.100,0.0,0.0,0.0,0.0,2578.15
13:21:09.200,0.0,0.0,0.0,0.0,2578.15
13:21:09.300,0.0,0.0,0.0,0.0,2578.15
13:21:09.400,0.0,0.0,0.0,0.0,2578.15
13:21:09.500,0.0,0.0,0.0,0.0,2578.15
13:21:09.600,0.0,0.0,0.0,0.0,2578.15
13:21:09.700,0.0,0.0,0.0,0.0,2578.15
13:21:09.800,0.0,0.0,0.0,0.0,2578.15
13:21:09.900,0.0,0.0,0.0,0.0,2578.15
13:21:10.000,0.0,0.0,0.0,0.0,2578.15
13:21:10.100,0.0,0.0,0.0,0.0,2578.15
13:21:10.200,0.0,0.0,0.0,0.0,2578.15
13:21:10.300,0.0,0.0,0.0,0.0,2578.15
13:21:10.400,0.0,0.0,0.0,0.0,2578.15
13:21:10.500,0.0,0.0,0.0,0.0,2578.15
13:21:10.600,0.0,0.0,0.0,0.0,2578.15
13:21:10.700,0.0,0.0,0.0,0.0,2578.15
13:21:10.800,0.0,0.0,0.0,0.0,2578.15
13:21:10.900,0.0,0.0,0.0,0.0,2578.15
13:21:11.000,0.0,0.0,0.0,0.0,2578.15
13:21:11.100,0.0,0.0,0.0,0.0,2578.15
13:21:11.200,0.0,0.0,0.0,0.0,2578.15
13:21:11.300,0.0,0.0,0.0,0.0,2578.15
13:21:11.400,0.0,0.0,0.0,0.0,2578.15
13:21:11.500,0.0,0.0,0.0,0.0,2578.15
13:21:11.600,0.0,0.0,0.0,0.0,2578.15
13:21:11.700,0.0,0.0,0.0,0.0,2578.15
13:21:11.800,0.0,0.0,0.0,0.0,2578.15
13:21:11.900,0.0,0.0,0.0,0.0,2578.15
13:21:12.000,0.0,0.0,0.0,0.0,2578.15
13:21:12.100,0.0,0.0,0.0,0.0,2578.15
13:21:12.200,0.0,0.0,0.0,0.0,2578.15
13:21:12.300,0.0,0.0,0.0,0.0,2578.15
13:21:12.400,0.0,0.0,0.0,0.0,2578.15
13:21:12.500,0.0,0.0,0.0,0.0,2578.15
13:21:12.600,0.0,0.0,0.0,0.0,2578.15
13:21:12.700,0.0,0.0,0.0,0.0,2578.15
13:21:12.800,0.0,0.0,0.0,0.0,2578.15
13:21:12.900,0.0,0.0,0.0,0.0,2578.15
13:21:13.000,0.0,0.0,0.0,0.0,2578.15
13:21:13.100,0.0,0.0,0.0,0.0,2578.15
13:21:13.200,0.0,0.0,0.0,0.0,2578.15
13:21:13.300,0.0,0.0,0.0,0.0,2578.15
13:21:13.400,0.0,0.0,0.0,0.0,2578.15
13:21:13.500,0.0,0.0,0.0,0.0,2578.15
13:21:13.600,0.0,0.0,0.0,0.0,2578.15
13:21:13.700,0.0,0.0,0.0,0.0,2578.15
13:21:13.800,0.0,0.0,0.0,0.0,2578.15
13:21:13.900,0.0,0.0,0.0,0.0,2578.15
13:21:14.000,0.0,0.0,0.0,0.0,2578.15
13:21:14.100,0.0,0.0,0.0,0.0,2578.15
13:21:14.200,0.0,0.0,0.0,0.0,2578.15
13:21:14.300,0.0,0.0,0.0,0.0,2578.15
13:21:14.400,0.0,0.0,0.0,0.0,2578.15
13:21:14.500,0.0,0.0,0.0,0.0,2578.15
13:21:14.600,0.0,0.0,0.0,0.0,2578.15
13:21:14.700,0.0,0.0,0.0,0.0,2578.15
13:21:14.800,0.0,0.0,0.0,0.0,2578.15
13:21:14.900,0.0,0.0,0.0,0.0,2578.15
13:21:15.000,0.0,0.0,0.0,0.0,2578.15
13:21:15.100,0.0,0.0,0.0,0.0,2578.15
13:21:15.200,0.0,0.0,0.0,0.0,2578.15
13:21:15.300,0.0,0.0,0.0,0.0,2578.15
13:21:15.400,0.0,0.0,0.0,0.0,2578.15
13:21:15.500,0.0,0.0,0.0,0.0,2578.15
13:21:15.600,0.0,0.0,0.0,0.0,2578.15
13:21:15.700,0.0,0.0,0.0,0.0,2578.15
13:21:15.800,0.0,0.0,0.0,0.0,2578.15
13:21:15.900,0.0,0.0,0.0,0.0,2578.15
13:21:16.000,0.0,0.0,0.0,0.0,2578.15
13:21:16.100,0.0,0.0,0.0,0.0,2578.15
13:21:16.200,0.0,0.0,0.0,0.0,2578.15
13:21:16.300,0.0,0.0,0.0,0.0,2578.15
13:21:16.400,0.0,0.0,0.0,0.0,2578.15
13:21:16.500,0.0,0.0,0.0,0.0,2578.15
13:21:16.600,0.0,0.0,0.0,0.0,2578.15
13:21:16.700,0.0,0.0,0.0,0.0,2578.15
13:21:16.800,0.0,0.0,0.0,0.0,2578.15
13:21:16.900,0.0,0.0,0.0,0.0,2578.15
13:21:17.000,0.0,0.0,0.0,0.0,2578.15
13:21:17.100,0.0,0.0,0.0,0.0,2578.15
13:21:17.200,0.0,0.0,0.0,0.0,2578.15
13:21:17.300,0.0,0.0,0.0,0.0,2578.15
13:21:17.400,0.0,0.0,0.0,0.0,2578.15
13:21:17.500,0.0,0.0,0.0,0.0,2578.15
13:21:17.600,0.0,0.0,0.0,0.0,2578.15
13:21:17.700,0.0,0.0,0.0,0.0,2578.15
13:21:17.800,0.0,0.0,0.0,0.0,2578.15
13:21:17.900,0.0,0.0,0.0,0.0,2578.15
13:21:18.000,0.0,0.0,0.0,0.0,2578.15
13:21:18.100,0.0,0.0,0.0,0.0,2578.15
13:21:18.200,0.0,0.0,0.0,0.0,2578.15
13:21:18.300,0.0,0.0,0.0,0.0,2578.15
13:21:18.400,0.0,0.0,0.0,0.0,2578.15
13:21:18.500,0.0,0.0,0.0,0.0,2578.15
13:21:18.600,0.0,0.0,0.0,0.0,2578.15
13:21:18.700,0.0,0.0,0.0,0.0,2578.15
13:21:18.800,0.0,0.0,0.0,0.0,2578.15
13:21:18.900,0.0,0.0,0.0,0.0,2578.15
13:21:19.000,0.0,0.0,0.0,0.0,2578.15
13:21:19.100,0.0,0.0,0.0,0.0,2578.15
13:21:19.200,0.0,0.0,0.0,0.0,2578.15
13:21:19.300,0.0,0.0,0.0,0.0,2578.15
13:21:19.400,0.0,0.0,0.0,0.0,2578.15
13:21:19.500,0.0,0.0,0.0,0.0,2578.15
13:21:19.600,0.0,0.0,0.0,0.0,2578.15
13:21:19.700,0.0,0.0,0.0,0.0,2578.15
13:21:19.800,0.0,0.0,0.0,0.0,2578.15
13:21:19.900,0.0,0.0,0.0,0.0,2578.15
13:21:20.000,0.0,0.0,0.0,0.0,2578.15
13:21:20.100,0.0,0.0,0.0,0.0,2578.15
13:21:20.200,0.0,0.0,0.0,0.0,2578.15
13:21:20.300,0.0,0.0,0.0,0.0,2578.15
13:21:20.400,0.0,0.0,0.0,0.0,2578.15
13:21:20.500,0.0,0.0,0.0,0.0,2578.15
13:21:20.600,0.0,0.0,0.0,0.0,2578.15
13:21:20.700,0.0,0.0,0.0,0.0,2578.15
13:21:20.800,0.0,0.0,0.0,0.0,2578.15
13:21:20.900,0.0,0.0,0.0,0.0,2578.15
13:21:21.000,0.0,0.0,0.0,0.0,2578.15
13:21:21.100,0.0,0.0,0.0,0.0,2578.15
13:21:21.200,0.0,0.0,0.0,0.0,2578.15
13:21:21.300,0.0,0.0,0.0,0.0,2578.15
13:21:21.400,0.0,0.0,0.0,0.0,2578.15
13:21:21.500,0.0,0.0,0.0,0.0,2578.15
13:21:21.600,0.0,0.0,0.0,0.0,2578.15
13:21:21.700,0.0,0.0,0.0,0.0,2578.15
13:21:21.800,0.0,0.0,0.0,0.0,2578.15
13:21:21.900,0.0,0.0,0.0,0.0,2578.15
13:21:22.000,0.0,0.0,0.0,0.0,2578.15
13:21:22.100,0.0,0.0,0.0,0.0,2578.15
13:21:22.200,0.0,0.0,0.0,0.0,2578.15
13:21:22.300,0.0,0.0,0.0,0.0,2578.15
13:21:22.400,0.0,0.0,0.0,0.0,2578.15
13:21:22.500,0.0,0.0,0.0,0.0,2578.15
13:21:22.600,0.0,0.0,0.0,0.0,2578.15
13:21:22.700,0.0,0.0,0.0,0.0,2578.15
13:21:22.800,0.0,0.0,0.0,0.0,2578.15
13:21:22.900,0.0,0.0,0.0,0.0,2578.15
13:21:23.000,0.0,0.0,0.0,0.0,2578.15
13:21:23.100,0.0,0.0,0.0,0.0,2578.15
13:21:23.200,0.0,0.0,0.0,0.0,2578.15
13:21:23.300,0.0,0.0,0.0,0.0,2578.15
13:21:23.400,0.0,0.0,0.0,0.0,2578.15
13:21:23.500,0.0,0.0,0.0,0.0,2578.15
13:21:23.600,0.0,0.0,0.0,0.0,2578.15
13:21:23.700,0.0,0.0,0.0,0.0,2578.15
13:21:23.800,0.0,0.0,0.0,0.0,2578.15
13:21:23.900,0.0,0.0,0.0,0.0,2578.15
13:21:24.000,0.0,0.0,0.0,0.0,2578.15
13:21:24.100,0.0,0.0,0.0,0.0,2578.15
13:21:24.200,0.0,0.0,0.0,0.0,2578.15
13:21:24.300,0.0,0.0,0.0,0.0,2578.15
13:21:24.400,0.0,0.0,0.0,0.0,2578.15
13:21:24.500,0.0,0.0,0.0,0.0,2578.15
13:21:24.600,0.0,0.0,0.0,0.0,2578.15
13:21:24.700,0.0,0.0,0.0,0.0,2578.15
13:21:24.800,0.0,0.0,0.0,0.0,2578.15
13:21:24.900,0.0,0.0,0.0,0.0,2578.15
13:21:25.000,0.0,0.0,0.0,0.0,2578.15
13:21:25.100,0.0,0.0,0.0,0.0,2578.15
13:21:25.200,0.0,0.0,0.0,0.0,2578.15
13:21:25.300,0.0,0.0,0.0,0.0,2578.15
13:21:25.400,0.0,0.0,0.0,0.0,2578.15
13:21:25.500,0.0,0.0,0.0,0.0,2578.15
13:21:25.600,0.0,0.0,0.0,0.0,2578.15
13:21:25.700,0.0,0.0,0.0,0.0,2578.15
13:21:25.800,0.0,0.0,0.0,0.0,2578.15
13:21:25.900,0.0,0.0,0.0,0.0,2578.15
13:21:26.000,0.0,0.0,0.0,0.0,2578.15
13:21:26.100,0.0,0.0,0.0,0.0,2578.15
13:21:26.200,0.0,0.0,0.0,0.0,2578.15
13:21:26.300,0.0,0.0,0.0,0.0,2578.15
13:21:26.400,0.0,0.0,0.0,0.0,2578.15
13:21:26.500,0.0,0.0,0.0,0.0,2578.15
13:21:26.600,0.0,0.0,0.0,0.0,2578.15
13:21:26.700,0.0,0.0,0.0,0.0,2578.15
13:21:26.800,0.0,0.0,0.0,0.0,2578.15
13:21:26.900,0.0,0.0,0.0,0.0,2578.15
13:21:27.000,0.0,0.0,0.0,0.0,2578.15
13:21:27.100,0.0,0.0,0.0,0.0,2578.15
13:21:27.200,0.0,0.0,0.0,0.0,2578.15
13:21:27.300,0.0,0.0,0.0,0.0,2578.15
13:21:27.400,0.0,0.0,0.0,0.0,2578.15
13:21:27.500,0.0,0.0,0.0,0.0,2578.15
13:21:27.600,0.0,0.0,0.0,0.0,2578.15
13:21:27.700,0.0,0.0,0.0,0.0,2578.15
13:21:27.800,0.0,0.0,0.0,0.0,2578.15
13:21:27.900,0.0,0.0,0.0,0.0,2578.15
13:21:28.000,0.0,0.0,0.0,0.0,2578.15
13:21:28.100,0.0,0.0,0.0,0.0,2578.15
13:21:28.200,0.0,0.0,0.0,0.0,2578.15
13:21:28.300,0.0,0.0,0.0,0.0,2578.15
13:21:28.400,0.0,0.0,0.0,0.0,2578.15
13:21:28.500,0.0,0.0,0.0,0.0,2578.15
13:21:28.600,0.0,0.0,0.0,0.0,2578.15
13:21:28.700,0.0,0.0,0.0,0.0,2578.15
13:21:28.800,0.0,0.0,0.0,0.0,2578.15
13:21:28.900,0.0,0.0,0.0,0.0,2578.15
13:21:29.000,0.0,0.0,0.0,0.0,2578.15
13:21:29.100,0.0,0.0,0.0,0.0,2578.15
13:21:29.200,0.0,0.0,0.0,0.0,2578.15
13:21:29.300,0.0,0.0,0.0,0.0,2578.15
13:21:29.400,0.0,0.0,0.0,0.0,2578.15
13:21:29.500,0.0,0.0,0.0,0.0,2578.15
13:21:29.600,0.0,0.0,0.0,0.0,2578.15
13:21:29.700,0.0,0.0,0.0,0.0,2578.15
13:21:29.800,0.0,0.0,0.0,0.0,2578.15
13:21:29.900,0.0,0.0,0.0,0.0,2578.15
13:21:30.000,0.0,0.0,0.0,0.0,2578.15
13:21:30.100,0.0,0.0,0.0,0.0,2578.15
13:21:30.200,0.0,0.0,0.0,0.0,2578.15
13:21:30.300,0.0,0.0,0.0,0.0,2578.15
13:21:30.400,0.0,0.0,0.0,0.0,2578.15
13:21:30.500,0.0,0.0,0.0,0.0,2578.15
13:21:30.600,0.0,0.0,0.0,0.0,2578.15
13:21:30.700,0.0,0.0,0.0,0.0,2578.15
13:21:30.800,0.0,0.0,0.0,0.0,2578.15
13:21:30.900,0.0,0.0,0.0,0.0,2578.15
13:21:31.000,0.0,0.0,0.0,0.0,2578.15
13:21:31.100,0.0,0.0,0.0,0.0,2578.15
13:21:31.200,0.0,0.0,0.0,0.0,2578.15
13:21:31.300,0.0,0.0,0.0,0.0,2578.15
13:21:31.400,0.0,0.0,0.0,0.0,2578.15
13:21:31.500,0.0,0.0,0.0,0.0,2578.15
13:21:31.600,0.0,0.0,0.0,0.0,2578.15
13:21:31.700,0.0,0.0,0.0,0.0,2578.15
13:21:31.800,0.0,0.0,0.0,0.0,2578.15
13:21:31.900,0.0,0.0,0.0,0.0,2578.15
13:21:32.000,0.0,0.0,0.0,0.0,2578.15
13:21:32.100,0.0,0.0,0.0,0.0,2578.15
13:21:32.200,0.0,0.0,0.0,0.0,2578.15
13:21:32.300,0.0,0.0,0.0,0.0,2578.15
13:21:32.400,0.0,0.0,0.0,0.0,2578.15
13:21:32.500,0.0,0.0,0.0,0.0,2578.15
13:21:32.600,0.0,0.0,0.0,0.0,2578.15
13:21:32.700,0.0,0.0,0.0,0.0,2578.15
13:21:32.800,0.0,0.0,0.0,0.0,2578.15
13:21:32.900,0.0,0.0,0.0,0.0,2578.15
13:21:33.000,0.0,0.0,0.0,0.0,2578.15
13:21:33.100,0.0,0.0,0.0,0.0,2578.15
13:21:33.200,0.0,0.0,0.0,0.0,2578.15
13:21:33.300,0.0,0.0,0.0,0.0,2578.15
13:21:33.400,0.0,0.0,0.0,0.0,2578.15
13:21:33.500,0.0,0.0,0.0,0.0,2578.15
13:21:33.600,0.0,0.0,0.0,0.0,2578.15
13:21:33.700,0.0,0.0,0.0,0.0,2578.15
13:21:33.800,0.0,0.0,0.0,0.0,2578.15
13:21:33.900,0.0,0.0,0.0,0.0,2578.15
13:21:34.000,0.0,0.0,0.0,0.0,2578.15
13:21:34.100,0.0,0.0,0.0,0.0,2578.15
13:21:34.200,0.0,0.0,0.0,0.0,2578.15
13:21:34.300,0.0,0.0,0.0,0.0,2578.15
13:21:34.400,0.0,0.0,0.0,0.0,2578.15
13:21:34.500,0.0,0.0,0.0,0.0,2578.15
13:21:34.600,0.0,0.0,0.0,0.0,2578.15
13:21:34.700,0.0,0.0,0.0,0.0,2578.15
13:21:34.800,0.0,0.0,0.0,0.0,2578.15
13:21:34.900,0.0,0.0,0.0,0.0,2578.15
13:21:35.000,0.0,0.0,0.0,0.0,2578.15
13:21:35.100,0.0,0.0,0.0,0.0,2578.15
13:21:35.200,0.0,0.0,0.0,0.0,2578.15
13:21:35.300,0.0,0.0,0.0,0.0,2578.15
13:21:35.400,0.0,0.0,0.0,0.0,2578.15
13:21:35.500,0.0,0.0,0.0,0.0,2578.15
13:21:35.600,0.0,0.0,0.0,0.0,2578.15
13:21:35.700,0.0,0.0,0.0,0.0,2578.15
13:21:35.800,0.0,0.0,0.0,0.0,2578.15
13:21:35.900,0.0,0.0,0.0,0.0,2578.15
13:21:36.000,0.0,0.0,0.0,0.0,2578.15
13:21:36.100,0.0,0.0,0.0,0.0,2578.15
13:21:36.200,0.0,0.0,0.0,0.0,2578.15
13:21:36.300,0.0,0.0,0.0,0.0,2578.15
13:21:36.400,0.0,0.0,0.0,0.0,2578.15
13:21:36.500,0.0,0.0,0.0,0.0,2578.15
13:21:36.600,0.0,0.0,0.0,0.0,2578.15
13:21:36.700,0.0,0.0,0.0,0.0,2578.15
13:21:36.800,0.0,0.0,0.0,0.0,2578.15
13:21:36.900,0.0,0.0,0.0,0.0,2578.15
13:21:37.000,0.0,0.0,0.0,0.0,2578.15
13:21:37.100,0.0,0.0,0.0,0.0,2578.15
13:21:37.200,0.0,0.0,0.0,0.0,2578.15
13:21:37.300,0.0,0.0,0.0,0.0,2578.15
13:21:37.400,0.0,0.0,0.0,0.0,2578.15
13:21:37.500,0.0,0.0,0.0,0.0,2578.15
13:21:37.600,0.0,0.0,0.0,0.0,2578.15
13:21:37.700,0.0,0.0,0.0,0.0,2578.15
13:21:37.800,0.0,0.0,0.0,0.0,2578.15
13:21:37.900,0.0,0.0,0.0,0.0,2578.15
13:21:38.000,0.0,0.0,0.0,0.0,2578.15
13:21:38.100,0.0,0.0,0.0,0.0,2578.15
13:21:38.200,0.0,0.0,0.0,0.0,2578.15
13:21:38.300,0.0,0.0,0.0,0.0,2578.15
13:21:38.400,0.0,0.0,0.0,0.0,2578.15
13:21:38.500,0.0,0.0,0.0,0.0,2578.15
13:21:38.600,0.0,0.0,0.0,0.0,2578.15
13:21:38.700,0.0,0.0,0.0,0.0,2578.15
13:21:38.800,0.0,0.0,0.0,0.0,2578.15
13:21:38.900,0.0,0.0,0.0,0.0,2578.15
13:21:39.000,0.0,0.0,0.0,0.0,2578.15
13:21:39.100,0.0,0.0,0.0,0.0,2578.15
13:21:39.200,0.0,0.0,0.0,0.0,2578.15
13:21:39.300,0.0,0.0,0.0,0.0,2578.15
13:21:39.400,0.0,0.0,0.0,0.0,2578.15
13:21:39.500,0.0,0.0,0.0,0.0,2578.15
13:21:39.600,0.0,0.0,0.0,0.0,2578.15
13:21:39.700,0.0,0.0,0.0,0.0,2578.15
13:21:39.800,0.0,0.0,0.0,0.0,2578.15
13:21:39.900,0.0,0.0,0.0,0.0,2578.15
13:21:40.000,0.0,0.0,0.0,0.0,2578.15
13:21:40.100,0.0,0.0,0.0,0.0,2578.15
13:21:40.200,0.0,0.0,0.0,0.0,2578.15
13:21:40.300,0.0,0.0,0.0,0.0,2578.15
13:21:40.400,0.0,0.0,0.0,0.0,2578.15
13:21:40.500,0.0,0.0,0.0,0.0,2578.15
13:21:40.600,0.0,0.0,0.0,0.0,2578.15
13:21:40.700,0.0,0.0,0.0,0.0,2578.15
13:21:40.800,0.0,0.0,0.0,0.0,2578.15
13:21:40.900,0.0,0.0,0.0,0.0,2578.15
13:21:41.000,0.0,0.0,0.0,0.0,2578.15
13:21:41.100,0.0,0.0,0.0,0.0,2578.15
13:21:41.200,0.0,0.0,0.0,0.0,2578.15
13:21:41.300,0.0,0.0,0.0,0.0,2578.15
13:21:41.400,0.0,0.0,0.0,0.0,2578.15
13:21:41.500,0.0,0.0,0.0,0.0,2578.15
13:21:41.600,0.0,0.0,0.0,0.0,2578.15
13:21:41.700,0.0,0.0,0.0,0.0,2578.15
13:21:41.800,0.0,0.0,0.0,0.0,2578.15
13:21:41.900,0.0,0.0,0.0,0.0,2578.15
13:21:42.000,0.0,0.0,0.0,0.0,2578.15
13:21:42.100,0.0,0.0,0.0,0.0,2578.15
13:21:42.200,0.0,0.0,0.0,0.0,2578.15
13:21:42.300,0.0,0.0,0.0,0.0,2578.15
13:21:42.400,0.0,0.0,0.0,0.0,2578.15
13:21:42.500,0.0,0.0,0.0,0.0,2578.15
13:21:42.600,0.0,0.0,0.0,0.0,2578.15
13:21:42.700,0.0,0.0,0.0,0.0,2578.15
13:21:42.800,0.0,0.0,0.0,0.0,2578.15
13:21:42.900,0.0,0.0,0.0,0.0,2578.15
13:21:43.000,0.0,0.0,0.0,0.0,2578.15
13:21:43.100,0.0,0.0,0.0,0.0,2578.15
13:21:43.200,0.0,0.0,0.0,0.0,2578.15
13:21:43.300,0.0,0.0,0.0,0.0,2578.15
13:21:43.400,0.0,0.0,0.0,0.0,2578.15
13:21:43.500,0.0,0.0,0.0,0.0,2578.15
13:21:43.600,0.0,0.0,0.0,0.0,2578.15
13:21:43.700,0.0,0.0,0.0,0.0,2578.15
13:21:43.800,0.0,0.0,0.0,0.0,2578.15
13:21:43.900,0.0,0.0,0.0,0.0,2578.15
13:21:44.000,0.0,0.0,0.0,0.0,2578.15
13:21:44.100,0.0,0.0,0.0,0.0,2578.15
13:21:44.200,0.0,0.0,0.0,0.0,2578.15
13:21:44.300,0.0,0.0,0.0,0.0,2578.15
13:21:44.400,0.0,0.0,0.0,0.0,2578.15
13:21:44.500,0.0,0.0,0.0,0.0,2578.15
13:21:44.600,0.0,0.0,0.0,0.0,2578.15
13:21:44.700,0.0,0.0,0.0,0.0,2578.15
13:21:44.800,0.0,0.0,0.0,0.0,2578.15
13:21:44.900,0.0,0.0,0.0,0.0,2578.15
13:21:45.000,0.0,0.0,0.0,0.0,2578.15
13:21:45.100,0.0,0.0,0.0,0.0,2578.15
13:21:45.200,0.0,0.0,0.0,0.0,2578.15
13:21:45.300,0.0,0.0,0.0,0.0,2578.15
13:21:45.400,0.0,0.0,0.0,0.0,2578.15
13:21:45.500,0.0,0.0,0.0,0.0,2578.15
13:21:45.600,0.0,0.0,0.0,0.0,2578.15
13:21:45.700,0.0,0.0,0.0,0.0,2578.15
13:21:45.800,0.0,0.0,0.0,0.0,2578.15
13:21:45.900,0.0,0.0,0.0,0.0,2578.15
13:21:46.000,0.0,0.0,0.0,0.0,2578.15
13:21:46.100,0.0,0.0,0.0,0.0,2578.15
13:21:46.200,0.0,0.0,0.0,0.0,2578.15
13:21:46.300,0.0,0.0,0.0,0.0,2578.15
13:21:46.400,0.0,0.0,0.0,0.0,2578.15
13:21:46.500,0.0,0.0,0.0,0.0,2578.15
13:21:46.600,0.0,0.0,0.0,0.0,2578.15
13:21:46.700,0.0,0.0,0.0,0.0,2578.15
13:21:46.800,0.0,0.0,0.0,0.0,2578.15
13:21:46.900,0.0,0.0,0.0,0.0,2578.15
13:21:47.000,0.0,0.0,0.0,0.0,2578.15
13:21:47.100,0.0,0.0,0.0,0.0,2578.15
13:21:47.200,0.0,0.0,0.0,0.0,2578.15
13:21:47.300,0.0,0.0,0.0,0.0,2578.15
13:21:47.400,0.0,0.0,0.0,0.0,2578.15
13:21:47.500,0.0,0.0,0.0,0.0,2578.15
13:21:47.600,0.0,0.0,0.0,0.0,2578.15
13:21:47.700,0.0,0.0,0.0,0.0,2578.15
13:21:47.800,0.0,0.0,0.0,0.0,2578.15
13:21:47.900,0.0,0.0,0.0,0.0,2578.15
13:21:48.000,0.0,0.0,0.0,0.0,2578.15
13:21:48.100,0.0,0.0,0.0,0.0,2578.15
13:21:48.200,0.0,0.0,0.0,0.0,2578.15
13:21:48.300,0.0,0.0,0.0,0.0,2578.15
13:21:48.400,0.0,0.0,0.0,0.0,2578.15
13:21:48.500,0.0,0.0,0.0,0.0,2578.15
13:21:48.600,0.0,0.0,0.0,0.0,2578.15
13:21:48.700,0.0,0.0,0.0,0.0,2578.15
13:21:48.800,0.0,0.0,0.0,0.0,2578.15
13:21:48.900,0.0,0.0,0.0,0.0,2578.15
13:21:49.000,0.0,0.0,0.0,0.0,2578.15
13:21:49.100,0.0,0.0,0.0,0.0,2578.15
13:21:49.200,0.0,0.0,0.0,0.0,2578.15
13:21:49.300,0.0,0.0,0.0,0.0,2578.15
13:21:49.400,0.0,0.0,0.0,0.0,2578.15
13:21:49.500,0.0,0.0,0.0,0.0,2578.15
13:21:49.600,0.0,0.0,0.0,0.0,2578.15
13:21:49.700,0.0,0.0,0.0,0.0,2578.15
13:21:49.800,0.0,0.0,0.0,0.0,2578.15
13:21:49.900,0.0,0.0,0.0,0.0,2578.15
13:21:50.000,0.0,0.0,0.0,0.0,2578.15
13:21:50.100,0.0,0.0,0.0,0.0,2578.15
13:21:50.200,0.0,0.0,0.0,0.0,2578.15
13:21:50.300,0.0,0.0,0.0,0.0,2578.15
13:21:50.400,0.0,0.0,0.0,0.0,2578.15
13:21:50.500,0.0,0.0,0.0,0.0,2578.15
13:21:50.600,0.0,0.0,0.0,0.0,2578.15
13:21:50.700,0.0,0.0,0.0,0.0,2578.15
13:21:50.800,0.0,0.0,0.0,0.0,2578.15
13:21:50.900,0.0,0.0,0.0,0.0,2578.15
13:21:51.000,0.0,0.0,0.0,0.0,2578.15
13:21:51.100,0.0,0.0,0.0,0.0,2578.15
13:21:51.200,0.0,0.0,0.0,0.0,2578.15
13:21:51.300,0.0,0.0,0.0,0.0,2578.15
13:21:51.400,0.0,0.0,0.0,0.0,2578.15
13:21:51.500,0.0,0.0,0.0,0.0,2578.15
13:21:51.600,0.0,0.0,0.0,0.0,2578.15
13:21:51.700,0.0,0.0,0.0,0.0,2578.15
13:21:51.800,0.0,0.0,0.0,0.0,2578.15
13:21:51.900,0.0,0.0,0.0,0.0,2578.15
13:21:52.000,0.0,0.0,0.0,0.0,2578.15
13:21:52.100,0.0,0.0,0.0,0.0,2578.15
13:21:52.200,0.0,0.0,0.0,0.0,2578.15
13:21:52.300,0.0,0.0,0.0,0.0,2578.15
13:21:52.400,0.0,0.0,0.0,0.0,2578.15
13:21:52.500,0.0,0.0,0.0,0.0,2578.15
13:21:52.600,0.0,0.0,0.0,0.0,2578.15
13:21:52.700,0.0,0.0,0.0,0.0,2578.15
13:21:52.800,0.0,0.0,0.0,0.0,2578.15
13:21:52.900,0.0,0.0,0.0,0.0,2578.15
13:21:53.000,0.0,0.0,0.0,0.0,2578.15
13:21:53.100,0.0,0.0,0.0,0.0,2578.15
13:21:53.200,0.0,0.0,0.0,0.0,2578.15
13:21:53.300,0.0,0.0,0.0,0.0,2578.15
13:21:53.400,0.0,0.0,0.0,0.0,2578.15
13:21:53.500,0.0,0.0,0.0,0.0,2578.15
13:21:53.600,0.0,0.0,0.0,0.0,2578.15
13:21:53.700,0.0,0.0,0.0,0.0,2578.15
13:21:53.800,0.0,0.0,0.0,0.0,2578.15
13:21:53.900,0.0,0.0,0.0,0.0,2578.15
13:21:54.000,0.0,0.0,0.0,0.0,2578.15
13:21:54.100,0.0,0.0,0.0,0.0,2578.15
13:21:54.200,0.0,0.0,0.0,0.0,2578.15
13:21:54.300,0.0,0.0,0.0,0.0,2578.15
13:21:54.400,0.0,0.0,0.0,0.0,2578.15
13:21:54.500,0.0,0.0,0.0,0.0,2578.15
13:21:54.600,0.0,0.0,0.0,0.0,2578.15
13:21:54.700,0.0,0.0,0.0,0.0,2578.15
13:21:54.800,0.0,0.0,0.0,0.0,2578.15
13:21:54.900,0.0,0.0,0.0,0.0,2578.15
13:21:55.000,0.0,0.0,0.0,0.0,2578.15
13:21:55.100,0.0,0.0,0.0,0.0,2578.15
13:21:55.200,0.0,0.0,0.0,0.0,2578.15
13:21:55.300,0.0,0.0,0.0,0.0,2578.15
13:21:55.400,0.0,0.0,0.0,0.0,2578.15
13:21:55.500,0.0,0.0,0.0,0.0,2578.15
13:21:55.600,0.0,0.0,0.0,0.0,2578.15
13:21:55.700,0.0,0.0,0.0,0.0,2578.15
13:21:55.800,0.0,0.0,0.0,0.0,2578.15
13:21:55.900,0.0,0.0,0.0,0.0,2578.15
13:21:56.000,0.0,0.0,0.0,0.0,2578.15
13:21:56.100,0.0,0.0,0.0,0.0,2578.15
13:21:56.200,0.0,0.0,0.0,0.0,2578.15
13:21:56.300,0.0,0.0,0.0,0.0,2578.15
13:21:56.400,0.0,0.0,0.0,0.0,2578.15
13:21:56.500,0.0,0.0,0.0,0.0,2578.15
13:21:56.600,0.0,0.0,0.0,0.0,2578.15
13:21:56.700,0.0,0.0,0.0,0.0,2578.15
13:21:56.800,0.0,0.0,0.0,0.0,2578.15
13:21:56.900,0.0,0.0,0.0,0.0,2578.15
13:21:57.000,0.0,0.0,0.0,0.0,2578.15
13:21:57.100,0.0,0.0,0.0,0.0,2578.15
13:21:57.200,0.0,0.0,0.0,0.0,2578.15
13:21:57.300,0.0,0.0,0.0,0.0,2578.15
13:21:57.400,0.0,0.0,0.0,0.0,2578.15
13:21:57.500,0.0,0.0,0.0,0.0,2578.15
13:21:57.600,0.0,0.0,0.0,0.0,2578.15
13:21:57.700,0.0,0.0,0.0,0.0,2578.15
13:21:57.800,0.0,0.0,0.0,0.0,2578.15
13:21:57.900,0.0,0.0,0.0,0.0,2578.15
13:21:58.000,0.0,0.0,0.0,0.0,2578.15
13:21:58.100,0.0,0.0,0.0,0.0,2578.15
13:21:58.200,0.0,0.0,0.0,0.0,2578.15
13:21:58.300,0.0,0.0,0.0,0.0,2578.15
13:21:58.400,0.0,0.0,0.0,0.0,2578.15
13:21:58.500,0.0,0.0,0.0,0.0,2578.15
13:21:58.600,0.0,0.0,0.0,0.0,2578.15
13:21:58.700,0.0,0.0,0.0,0.0,2578.15
13:21:58.800,0.0,0.0,0.0,0.0,2578.15
13:21:58.900,0.0,0.0,0.0,0.0,2578.15
13:21:59.000,0.0,0.0,0.0,0.0,2578.15
13:21:59.100,0.0,0.0,0.0,0.0,2578.15
13:21:59.200,0.0,0.0,0.0,0.0,2578.15
13:21:59.300,0.0,0.0,0.0,0.0,2578.15
13:21:59.400,0.0,0.0,0.0,0.0,2578.15
13:21:59.500,0.0,0.0,0.0,0.0,2578.15
13:21:59.600,0.0,0.0,0.0,0.0,2578.15
13:21:59.700,0.0,0.0,0.0,0.0,2578.15
13:21:59.800,0.0,0.0,0.0,0.0,2578.15
13:21:59.900,0.0,0.0,0.0,0.0,2578.15
13:22:00.000,0.0,0.0,0.0,0.0,2578.15
13:22:00.100,0.0,0.0,0.0,0.0,2578.15
13:22:00.200,0.0,0.0,0.0,0.0,2578.15
13:22:00.300,0.0,0.0,0.0,0.0,2578.15
13:22:00.400,0.0,0.0,0.0,0.0,2578.15
13:22:00.500,0.0,0.0,0.0,0.0,2578.15
13:22:00.600,0.0,0.0,0.0,0.0,2578.15
13:22:00.700,0.0,0.0,0.0,0.0,2578.15
13:22:00.800,0.0,0.0,0.0,0.0,2578.15
13:22:00.900,0.0,0.0,0.0,0.0,2578.15
13:22:01.000,0.0,0.0,0.0,0.0,2578.15
13:22:01.100,0.0,0.0,0.0,0.0,2578.15
13:22:01.200,0.0,0.0,0.0,0.0,2578.15
13:22:01.300,0.0,0.0,0.0,0.0,2578.15
13:22:01.400,0.0,0.0,0.0,0.0,2578.15
13:22:01.500,0.0,0.0,0.0,0.0,2578.15
13:22:01.600,0.0,0.0,0.0,0.0,2578.15
13:22:01.700,0.0,0.0,0.0,0.0,2578.15
13:22:01.800,0.0,0.0,0.0,0.0,2578.15
13:22:01.900,0.0,0.0,0.0,0.0,2578.15
13:22:02.000,0.0,0.0,0.0,0.0,2578.15
13:22:02.100,0.0,0.0,0.0,0.0,2578.15
13:22:02.200,0.0,0.0,0.0,0.0,2578.15
13:22:02.300,0.0,0.0,0.0,0.0,2578.15
13:22:02.400,0.0,0.0,0.0,0.0,2578.15
13:22:02.500,0.0,0.0,0.0,0.0,2578.15
13:22:02.600,0.0,0.0,0.0,0.0,2578.15
13:22:02.700,0.0,0.0,0.0,0.0,2578.15
13:22:02.800,0.0,0.0,0.0,0.0,2578.15
13:22:02.900,0.0,0.0,0.0,0.0,2578.15
13:22:03.000,0.0,0.0,0.0,0.0,2578.15
13:22:03.100,0.0,0.0,0.0,0.0,2578.15
13:22:03.200,0.0,0.0,0.0,0.0,2578.15
13:22:03.300,0.0,0.0,0.0,0.0,2578.15
13:22:03.400,0.0,0.0,0.0,0.0,2578.15
13:22:03.500,0.0,0.0,0.0,0.0,2578.15
13:22:03.600,0.0,0.0,0.0,0.0,2578.15
13:22:03.700,0.0,0.0,0.0,0.0,2578.15
13:22:03.800,0.0,0.0,0.0,0.0,2578.15
13:22:03.900,0.0,0.0,0.0,0.0,2578.15
13:22:04.000,0.0,0.0,0.0,0.0,2578.15
13:22:04.100,0.0,0.0,0.0,0.0,2578.15
13:22:04.200,0.0,0.0,0.0,0.0,2578.15
13:22:04.300,0.0,0.0,0.0,0.0,2578.15
13:22:04.400,0.0,0.0,0.0,0.0,2578.15
13:22:04.500,0.0,0.0,0.0,0.0,2578.15
13:22:04.600,0.0,0.0,0.0,0.0,2578.15
13:22:04.700,0.0,0.0,0.0,0.0,2578.15
13:22:04.800,0.0,0.0,0.0,0.0,2578.15
13:22:04.900,0.0,0.0,0.0,0.0,2578.15
13:22:05.000,0.0,0.0,0.0,0.0,2578.15
13:22:05.100,0.0,0.0,0.0,0.0,2578.15
13:22:05.200,0.0,0.0,0.0,0.0,2578.15
13:22:05.300,0.0,0.0,0.0,0.0,2578.15
13:22:05.400,0.0,0.0,0.0,0.0,2578.15
13:22:05.500,0.0,0.0,0.0,0.0,2578.15
13:22:05.600,0.0,0.0,0.0,0.0,2578.15
13:22:05.700,0.0,0.0,0.0,0.0,2578.15
13:22:05.800,0.0,0.0,0.0,0.0,2578.15
13:22:05.900,0.0,0.0,0.0,0.0,2578.15
13:22:06.000,0.0,0.0,0.0,0.0,2578.15
13:22:06.100,0.0,0.0,0.0,0.0,2578.15
13:22:06.200,0.0,0.0,0.0,0.0,2578.15
13:22:06.300,0.0,0.0,0.0,0.0,2578.15
13:22:06.400,0.0,0.0,0.0,0.0,2578.15
13:22:06.500,0.0,0.0,0.0,0.0,2578.15
13:22:06.600,0.0,0.0,0.0,0.0,2578.15
13:22:06.700,0.0,0.0,0.0,0.0,2578.15
13:22:06.800,0.0,0.0,0.0,0.0,2578.15
13:22:06.900,0.0,0.0,0.0,0.0,2578.15
13:22:07.000,0.0,0.0,0.0,0.0,2578.15
13:22:07.100,0.0,0.0,0.0,0.0,2578.15
13:22:07.200,0.0,0.0,0.0,0.0,2578.15
13:22:07.300,0.0,0.0,0.0,0.0,2578.15
13:22:07.400,0.0,0.0,0.0,0.0,2578.15
13:22:07.500,0.0,0.0,0.0,0.0,2578.15
13:22:07.600,0.0,0.0,0.0,0.0,2578.15
13:22:07.700,0.0,0.0,0.0,0.0,2578.15
13:22:07.800,0.0,0.0,0.0,0.0,2578.15
13:22:07.900,0.0,0.0,0.0,0.0,2578.15
13:22:08.000,0.0,0.0,0.0,0.0,2578.15
13:22:08.100,0.0,0.0,0.0,0.0,2578.15
13:22:08.200,0.0,0.0,0.0,0.0,2578.15
13:22:08.300,0.0,0.0,0.0,0.0,2578.15
13:22:08.400,0.0,0.0,0.0,0.0,2578.15
13:22:08.500,0.0,0.0,0.0,0.0,2578.15
13:22:08.600,0.0,0.0,0.0,0.0,2578.15
13:22:08.700,0.0,0.0,0.0,0.0,2578.15
13:22:08.800,0.0,0.0,0.0,0.0,2578.15
13:22:08.900,0.0,0.0,0.0,0.0,2578.15
13:22:09.000,0.0,0.0,0.0,0.0,2578.15
13:22:09.100,0.0,0.0,0.0,0.0,2578.15
13:22:09.200,0.0,0.0,0.0,0.0,2578.15
13:22:09.300,0.0,0.0,0.0,0.0,2578.15
13:22:09.400,0.0,0.0,0.0,0.0,2578.15
13:22:09.500,0.0,0.0,0.0,0.0,2578.15
13:22:09.600,0.0,0.0,0.0,0.0,2578.15
13:22:09.700,0.0,0.0,0.0,0.0,2578.15
13:22:09.800,0.0,0.0,0.0,0.0,2578.15
13:22:09.900,0.0,0.0,0.0,0.0,2578.15
13:22:10.000,0.0,0.0,0.0,0.0,2578.15
13:22:10.100,0.0,0.0,0.0,0.0,2578.15
13:22:10.200,0.0,0.0,0.0,0.0,2578.15
13:22:10.300,0.0,0.0,0.0,0.0,2578.15
13:22:10.400,0.0,0.0,0.0,0.0,2578.15
13:22:10.500,0.0,0.0,0.0,0.0,2578.15
13:22:10.600,0.0,0.0,0.0,0.0,2578.15
13:22:10.700,0.0,0.0,0.0,0.0,2578.15
13:22:10.800,0.0,0.0,0.0,0.0,2578.15
13:22:10.900,0.0,0.0,0.0,0.0,2578.15
13:22:11.000,0.0,0.0,0.0,0.0,2578.15
13:22:11.100,0.0,0.0,0.0,0.0,2578.15
13:22:11.200,0.0,0.0,0.0,0.0,2578.15
13:22:11.300,0.0,0.0,0.0,0.0,2578.15
13:22:11.400,0.0,0.0,0.0,0.0,2578.15
13:22:11.500,0.0,0.0,0.0,0.0,2578.15
13:22:11.600,0.0,0.0,0.0,0.0,2578.15
13:22:11.700,0.0,0.0,0.0,0.0,2578.15
13:22:11.800,0.0,0.0,0.0,0.0,2578.15
13:22:11.900,0.0,0.0,0.0,0.0,2578.15
13:22:12.000,0.0,0.0,0.0,0.0,2578.15
13:22:12.100,0.0,0.0,0.0,0.0,2578.15
13:22:12.200,0.0,0.0,0.0,0.0,2578.15
13:22:12.300,0.0,0.0,0.0,0.0,2578.15
13:22:12.400,0.0,0.0,0.0,0.0,2578.15
13:22:12.500,0.0,0.0,0.0,0.0,2578.15
13:22:12.600,0.0,0.0,0.0,0.0,2578.15
13:22:12.700,0.0,0.0,0.0,0.0,2578.15
13:22:12.800,0.0,0.0,0.0,0.0,2578.15
13:22:12.900,0.0,0.0,0.0,0.0,2578.15
13:22:13.000,0.0,0.0,0.0,0.0,2578.15
13:22:13.100,0.0,0.0,0.0,0.0,2578.15
13:22:13.200,0.0,0.0,0.0,0.0,2578.15
13:22:13.300,0.0,0.0,0.0,0.0,2578.15
13:22:13.400,0.0,0.0,0.0,0.0,2578.15
13:22:13.500,0.0,0.0,0.0,0.0,2578.15
13:22:13.600,0.0,0.0,0.0,0.0,2578.15
13:22:13.700,0.0,0.0,0.0,0.0,2578.15
13:22:13.800,0.0,0.0,0.0,0.0,2578.15
13:22:13.900,0.0,0.0,0.0,0.0,2578.15
13:22:14.000,0.0,0.0,0.0,0.0,2578.15
13:22:14.100,0.0,0.0,0.0,0.0,2578.15
13:22:14.200,0.0,0.0,0.0,0.0,2578.15
13:22:14.300,0.0,0.0,0.0,0.0,2578.15
13:22:14.400,0.0,0.0,0.0,0.0,2578.15
13:22:14.500,0.0,0.0,0.0,0.0,2578.15
13:22:14.600,0.0,0.0,0.0,0.0,2578.15
13:22:14.700,0.0,0.0,0.0,0.0,2578.15
13:22:14.800,0.0,0.0,0.0,0.0,2578.15
13:22:14.900,0.0,0.0,0.0,0.0,2578.15
13:22:15.000,0.0,0.0,0.0,0.0,2578.15
13:22:15.100,0.0,0.0,0.0,0.0,2578.15
13:22:15.200,0.0,0.0,0.0,0.0,2578.15
13:22:15.300,0.0,0.0,0.0,0.0,2578.15
13:22:15.400,0.0,0.0,0.0,0.0,2578.15
13:22:15.500,0.0,0.0,0.0,0.0,2578.15
13:22:15.600,0.0,0.0,0.0,0.0,2578.15
13:22:15.700,0.0,0.0,0.0,0.0,2578.15
13:22:15.800,0.0,0.0,0.0,0.0,2578.15
13:22:15.900,0.0,0.0,0.0,0.0,2578.15
13:22:16.000,0.0,0.0,0.0,0.0,2578.15
13:22:16.100,0.0,0.0,0.0,0.0,2578.15
13:22:16.200,0.0,0.0,0.0,0.0,2578.15
13:22:16.300,0.0,0.0,0.0,0.0,2578.15
13:22:16.400,0.0,0.0,0.0,0.0,2578.15
13:22:16.500,0.0,0.0,0.0,0.0,2578.15
13:22:16.600,0.0,0.0,0.0,0.0,2578.15
13:22:16.700,0.0,0.0,0.0,0.0,2578.15
13:22:16.800,0.0,0.0,0.0,0.0,2578.15
13:22:16.900,0.0,0.0,0.0,0.0,2578.15
13:22:17.000,0.0,0.0,0.0,0.0,2578.15
13:22:17.100,0.0,0.0,0.0,0.0,2578.15
13:22:17.200,0.0,0.0,0.0,0.0,2578.15
13:22:17.300,0.0,0.0,0.0,0.0,2578.15
13:22:17.400,0.0,0.0,0.0,0.0,2578.15
13:22:17.500,0.0,0.0,0.0,0.0,2578.15
13:22:17.600,0.0,0.0,0.0,0.0,2578.15
13:22:17.700,0.0,0.0,0.0,0.0,2578.15
13:22:17.800,0.0,0.0,0.0,0.0,2578.15
13:22:17.900,0.0,0.0,0.0,0.0,2578.15
13:22:18.000,0.0,0.0,0.0,0.0,2578.15
13:22:18.100,0.0,0.0,0.0,0.0,2578.15
13:22:18.200,0.0,0.0,0.0,0.0,2578.15
13:22:18.300,0.0,0.0,0.0,0.0,2578.15
13:22:18.400,0.0,0.0,0.0,0.0,2578.15
13:22:18.500,0.0,0.0,0.0,0.0,2578.15
13:22:18.600,0.0,0.0,0.0,0.0,2578.15
13:22:18.700,0.0,0.0,0.0,0.0,2578.15
13:22:18.800,0.0,0.0,0.0,0.0,2578.15
13:22:18.900,0.0,0.0,0.0,0.0,2578.15
13:22:19.000,0.0,0.0,0.0,0.0,2578.15
13:22:19.100,0.0,0.0,0.0,0.0,2578.15
13:22:19.200,0.0,0.0,0.0,0.0,2578.15
13:22:19.300,0.0,0.0,0.0,0.0,2578.15
13:22:19.400,0.0,0.0,0.0,0.0,2578.15
13:22:19.500,0.0,0.0,0.0,0.0,2578.15
13:22:19.600,0.0,0.0,0.0,0.0,2578.15
13:22:19.700,0.0,0.0,0.0,0.0,2578.15
13:22:19.800,0.0,0.0,0.0,0.0,2578.15
13:22:19.900,0.0,0.0,0.0,0.0,2578.15
13:22:20.000,0.0,0.0,0.0,0.0,2578.15
13:22:20.100,0.0,0.0,0.0,0.0,2578.15
13:22:20.200,0.0,0.0,0.0,0.0,2578.15
13:22:20.300,0.0,0.0,0.0,0.0,2578.15
13:22:20.400,0.0,0.0,0.0,0.0,2578.15
13:22:20.500,0.0,0.0,0.0,0.0,2578.15
13:22:20.600,0.0,0.0,0.0,0.0,2578.15
13:22:20.700,0.0,0.0,0.0,0.0,2578.15
13:22:20.800,0.0,0.0,0.0,0.0,2578.15
13:22:20.900,0.0,0.0,0.0,0.0,2578.15
13:22:21.000,0.0,0.0,0.0,0.0,2578.15
13:22:21.100,0.0,0.0,0.0,0.0,2578.15
13:22:21.200,0.0,0.0,0.0,0.0,2578.15
13:22:21.300,0.0,0.0,0.0,0.0,2578.15
13:22:21.400,0.0,0.0,0.0,0.0,2578.15
13:22:21.500,0.0,0.0,0.0,0.0,2578.15
13:22:21.600,0.0,0.0,0.0,0.0,2578.15
13:22:21.700,0.0,0.0,0.0,0.0,2578.15
13:22:21.800,0.0,0.0,0.0,0.0,2578.15
13:22:21.900,0.0,0.0,0.0,0.0,2578.15
13:22:22.000,0.0,0.0,0.0,0.0,2578.15
13:22:22.100,0.0,0.0,0.0,0.0,2578.15
13:22:22.200,0.0,0.0,0.0,0.0,2578.15
13:22:22.300,0.0,0.0,0.0,0.0,2578.15
13:22:22.400,0.0,0.0,0.0,0.0,2578.15
13:22:22.500,0.0,0.0,0.0,0.0,2578.15
13:22:22.600,0.0,0.0,0.0,0.0,2578.15
13:22:22.700,0.0,0.0,0.0,0.0,2578.15
13:22:22.800,0.0,0.0,0.0,0.0,2578.15
13:22:22.900,0.0,0.0,0.0,0.0,2578.15
13:22:23.000,0.0,0.0,0.0,0.0,2578.15
13:22:23.100,0.0,0.0,0.0,0.0,2578.15
13:22:23.200,0.0,0.0,0.0,0.0,2578.15
13:22:23.300,0.0,0.0,0.0,0.0,2578.15
13:22:23.400,0.0,0.0,0.0,0.0,2578.15
13:22:23.500,0.0,0.0,0.0,0.0,2578.15
13:22:23.600,0.0,0.0,0.0,0.0,2578.15
13:22:23.700,0.0,0.0,0.0,0.0,2578.15
13:22:23.800,0.0,0.0,0.0,0.0,2578.15
13:22:23.900,0.0,0.0,0.0,0.0,2578.15
13:22:24.000,0.0,0.0,0.0,0.0,2578.15
13:22:24.100,0.0,0.0,0.0,0.0,2578.15
13:22:24.200,0.0,0.0,0.0,0.0,2578.15
13:22:24.300,0.0,0.0,0.0,0.0,2578.15
13:22:24.400,0.0,0.0,0.0,0.0,2578.15
13:22:24.500,0.0,0.0,0.0,0.0,2578.15
13:22:24.600,0.0,0.0,0.0,0.0,2578.15
13:22:24.700,0.0,0.0,0.0,0.0,2578.15
13:22:24.800,0.0,0.0,0.0,0.0,2578.15
13:22:24.900,0.0,0.0,0.0,0.0,2578.15
13:22:25.000,0.0,0.0,0.0,0.0,2578.15
13:22:25.100,0.0,0.0,0.0,0.0,2578.15
13:22:25.200,0.0,0.0,0.0,0.0,2578.15
13:22:25.300,0.0,0.0,0.0,0.0,2578.15
13:22:25.400,0.0,0.0,0.0,0.0,2578.15
13:22:25.500,0.0,0.0,0.0,0.0,2578.15
13:22:25.600,0.0,0.0,0.0,0.0,2578.15
13:22:25.700,0.0,0.0,0.0,0.0,2578.15
13:22:25.800,0.0,0.0,0.0,0.0,2578.15
13:22:25.900,0.0,0.0,0.0,0.0,2578.15
13:22:26.000,0.0,0.0,0.0,0.0,2578.15
13:22:26.100,0.0,0.0,0.0,0.0,2578.15
13:22:26.200,0.0,0.0,0.0,0.0,2578.15
13:22:26.300,0.0,0.0,0.0,0.0,2578.15
13:22:26.400,0.0,0.0,0.0,0.0,2578.15
13:22:26.500,0.0,0.0,0.0,0.0,2578.15
13:22:26.600,0.0,0.0,0.0,0.0,2578.15
13:22:26.700,0.0,0.0,0.0,0.0,2578.15
13:22:26.800,0.0,0.0,0.0,0.0,2578.15
13:22:26.900,0.0,0.0,0.0,0.0,2578.15
13:22:27.000,0.0,0.0,0.0,0.0,2578.15
13:22:27.100,0.0,0.0,0.0,0.0,2578.15
13:22:27.200,0.0,0.0,0.0,0.0,2578.15
13:22:27.300,0.0,0.0,0.0,0.0,2578.15
13:22:27.400,0.0,0.0,0.0,0.0,2578.15
13:22:27.500,0.0,0.0,0.0,0.0,2578.15
13:22:27.600,0.0,0.0,0.0,0.0,2578.15
13:22:27.700,0.0,0.0,0.0,0.0,2578.15
13:22:27.800,0.0,0.0,0.0,0.0,2578.15
13:22:27.900,0.0,0.0,0.0,0.0,2578.15
13:22:28.000,0.0,0.0,0.0,0.0,2578.15
13:22:28.100,0.0,0.0,0.0,0.0,2578.15
13:22:28.200,0.0,0.0,0.0,0.0,2578.15
13:22:28.300,0.0,0.0,0.0,0.0,2578.15
13:22:28.400,0.0,0.0,0.0,0.0,2578.15
13:22:28.500,0.0,0.0,0.0,0.0,2578.15
13:22:28.600,0.0,0.0,0.0,0.0,2578.15
13:22:28.700,0.0,0.0,0.0,0.0,2578.15
13:22:28.800,0.0,0.0,0.0,0.0,2578.15
13:22:28.900,0.0,0.0,0.0,0.0,2578.15
13:22:29.000,0.0,0.0,0.0,0.0,2578.15
13:22:29.100,0.0,0.0,0.0,0.0,2578.15
13:22:29.200,0.0,0.0,0.0,0.0,2578.15
13:22:29.300,0.0,0.0,0.0,0.0,2578.15
13:22:29.400,0.0,0.0,0.0,0.0,2578.15
13:22:29.500,0.0,0.0,0.0,0.0,2578.15
13:22:29.600,0.0,0.0,0.0,0.0,2578.15
13:22:29.700,0.0,0.0,0.0,0.0,2578.15
13:22:29.800,0.0,0.0,0.0,0.0,2578.15
13:22:29.900,0.0,0.0,0.0,0.0,2578.15
13:22:30.000,0.0,0.0,0.0,0.0,2578.15
13:22:30.100,0.0,0.0,0.0,0.0,2578.15
13:22:30.200,0.0,0.0,0.0,0.0,2578.15
13:22:30.300,0.0,0.0,0.0,0.0,2578.15
13:22:30.400,0.0,0.0,0.0,0.0,2578.15
13:22:30.500,0.0,0.0,0.0,0.0,2578.15
13:22:30.600,0.0,0.0,0.0,0.0,2578.15
13:22:30.700,0.0,0.0,0.0,0.0,2578.15
13:22:30.800,0.0,0.0,0.0,0.0,2578.15
13:22:30.900,0.0,0.0,0.0,0.0,2578.15
13:22:31.000,0.0,0.0,0.0,0.0,2578.15
13:22:31.100,0.0,0.0,0.0,0.0,2578.15
13:22:31.200,0.0,0.0,0.0,0.0,2578.15
13:22:31.300,0.0,0.0,0.0,0.0,2578.15
13:22:31.400,0.0,0.0,0.0,0.0,2578.15
13:22:31.500,0.0,0.0,0.0,0.0,2578.15
13:22:31.600,0.0,0.0,0.0,0.0,2578.15
13:22:31.700,0.0,0.0,0.0,0.0,2578.15
13:22:31.800,0.0,0.0,0.0,0.0,2578.15
13:22:31.900,0.0,0.0,0.0,0.0,2578.15
13:22:32.000,0.0,0.0,0.0,0.0,2578.15
13:22:32.100,0.0,0.0,0.0,0.0,2578.15
13:22:32.200,0.0,0.0,0.0,0.0,2578.15
13:22:32.300,0.0,0.0,0.0,0.0,2578.15
13:22:32.400,0.0,0.0,0.0,0.0,2578.15
13:22:32.500,0.0,0.0,0.0,0.0,2578.15
13:22:32.600,0.0,0.0,0.0,0.0,2578.15
13:22:32.700,0.0,0.0,0.0,0.0,2578.15
13:22:32.800,0.0,0.0,0.0,0.0,2578.15
13:22:32.900,0.0,0.0,0.0,0.0,2578.15
13:22:33.000,0.0,0.0,0.0,0.0,2578.15
13:22:33.100,0.0,0.0,0.0,0.0,2578.15
13:22:33.200,0.0,0.0,0.0,0.0,2578.15
13:22:33.300,0.0,0.0,0.0,0.0,2578.15
13:22:33.400,0.0,0.0,0.0,0.0,2578.15
13:22:33.500,0.0,0.0,0.0,0.0,2578.15
13:22:33.600,0.0,0.0,0.0,0.0,2578.15
13:22:33.700,0.0,0.0,0.0,0.0,2578.15
13:22:33.800,0.0,0.0,0.0,0.0,2578.15
13:22:33.900,0.0,0.0,0.0,0.0,2578.15
13:22:34.000,0.0,0.0,0.0,0.0,2578.15
13:22:34.100,0.0,0.0,0.0,0.0,2578.15
13:22:34.200,0.0,0.0,0.0,0.0,2578.15
13:22:34.300,0.0,0.0,0.0,0.0,2578.15
13:22:34.400,0.0,0.0,0.0,0.0,2578.15
13:22:34.500,0.0,0.0,0.0,0.0,2578.15
13:22:34.600,0.0,0.0,0.0,0.0,2578.15
13:22:34.700,0.0,0.0,0.0,0.0,2578.15
13:22:34.800,0.0,0.0,0.0,0.0,2578.15
13:22:34.900,0.0,0.0,0.0,0.0,2578.15
13:22:35.000,0.0,0.0,0.0,0.0,2578.15
13:22:35.100,0.0,0.0,0.0,0.0,2578.15
13:22:35.200,0.0,0.0,0.0,0.0,2578.15
13:22:35.300,0.0,0.0,0.0,0.0,2578.15
13:22:35.400,0.0,0.0,0.0,0.0,2578.15
13:22:35.500,0.0,0.0,0.0,0.0,2578.15
13:22:35.600,0.0,0.0,0.0,0.0,2578.15
13:22:35.700,0.0,0.0,0.0,0.0,2578.15
13:22:35.800,0.0,0.0,0.0,0.0,2578.15
13:22:35.900,0.0,0.0,0.0,0.0,2578.15
13:22:36.000,0.0,0.0,0.0,0.0,2578.15
13:22:36.100,0.0,0.0,0.0,0.0,2578.15
13:22:36.200,0.0,0.0,0.0,0.0,2578.15
13:22:36.300,0.0,0.0,0.0,0.0,2578.15
13:22:36.400,0.0,0.0,0.0,0.0,2578.15
13:22:36.500,0.0,0.0,0.0,0.0,2578.15
13:22:36.600,0.0,0.0,0.0,0.0,2578.15
13:22:36.700,0.0,0.0,0.0,0.0,2578.15
13:22:36.800,0.0,0.0,0.0,0.0,2578.15
13:22:36.900,0.0,0.0,0.0,0.0,2578.15
13:22:37.000,0.0,0.0,0.0,0.0,2578.15
13:22:37.100,0.0,0.0,0.0,0.0,2578.15
13:22:37.200,0.0,0.0,0.0,0.0,2578.15
13:22:37.300,0.0,0.0,0.0,0.0,2578.15
13:22:37.400,0.0,0.0,0.0,0.0,2578.15
13:22:37.500,0.0,0.0,0.0,0.0,2578.15
13:22:37.600,0.0,0.0,0.0,0.0,2578.15
13:22:37.700,0.0,0.0,0.0,0.0,2578.15
13:22:37.800,0.0,0.0,0.0,0.0,2578.15
13:22:37.900,0.0,0.0,0.0,0.0,2578.15
13:22:38.000,0.0,0.0,0.0,0.0,2578.15
13:22:38.100,0.0,0.0,0.0,0.0,2578.15
13:22:38.200,0.0,0.0,0.0,0.0,2578.15
13:22:38.300,0.0,0.0,0.0,0.0,2578.15
13:22:38.400,0.0,0.0,0.0,0.0,2578.15
13:22:38.500,0.0,0.0,0.0,0.0,2578.15
13:22:38.600,0.0,0.0,0.0,0.0,2578.15
13:22:38.700,0.0,0.0,0.0,0.0,2578.15
13:22:38.800,0.0,0.0,0.0,0.0,2578.15
13:22:38.900,0.0,0.0,0.0,0.0,2578.15
13:22:39.000,0.0,0.0,0.0,0.0,2578.15
13:22:39.100,0.0,0.0,0.0,0.0,2578.15
13:22:39.200,0.0,0.0,0.0,0.0,2578.15
13:22:39.300,0.0,0.0,0.0,0.0,2578.15
13:22:39.400,0.0,0.0,0.0,0.0,2578.15
13:22:39.500,0.0,0.0,0.0,0.0,2578.15
13:22:39.600,0.0,0.0,0.0,0.0,2578.15
13:22:39.700,0.0,0.0,0.0,0.0,2578.15
13:22:39.800,0.0,0.0,0.0,0.0,2578.15
13:22:39.900,0.0,0.0,0.0,0.0,2578.15
13:22:40.000,0.0,0.0,0.0,0.0,2578.15
13:22:40.100,0.0,0.0,0.0,0.0,2578.15
13:22:40.200,0.0,0.0,0.0,0.0,2578.15
